12.0,125
28.0,3429
60.0,4622
174.0,4747
356.0,682
400.0,3492
427.0,4717
502.0,279
503.0,3549
535.0,4097
569.0,1561
678.0,1776
696.0,2635
699.0,1404
720.0,2516
734.0,1393
750.0,3458
769.0,316
822.0,3697
824.0,4839
1007.0,2771
1051.0,2746
1091.0,2320
1105.0,2684
1169.0,785
1192.0,2216
1239.0,3395
1354.0,2032
1356.0,550
1459.0,2498
1511.0,1389
1534.0,180
1616.0,4430
1616.0,1822
1623.0,533
1624.0,4099
1640.0,1734
1660.0,3284
1672.0,3749
1689.0,3960
2094.0,1624
2160.0,3072
2204.0,4015
2209.0,2791
2261.0,4950
2264.0,2923
2283.0,1139
2295.0,3083
2311.0,3474
2366.0,1014
2462.0,4478
2470.0,1326
2608.0,2402
2661.0,832
2675.0,94
2731.0,2249
2771.0,42
2885.0,696
3033.0,2006
3161.0,441
3046.0,2415
3067.0,258
3157.0,329
3160.0,4491
3160.0,3066
3186.0,3619
3278.0,2871
3295.0,3746
3371.0,3085
3434.0,2550
3482.0,463
3486.0,3269
3543.0,3060
3712.0,3966
3712.0,3294
3739.0,702
3853.0,2511
3865.0,4122
3913.0,4327
3936.0,1199
4098.0,979
4099.0,1813
4143.0,1621
4194.0,3798
4332.0,3342
4339.0,4851
4407.0,2510
4602.0,4157
4699.0,1952
4700.0,3749
4749.0,1855
4772.0,1357
4897.0,1443
4953.0,2421
4998.0,3124
5091.0,4847
5093.0,3034
5266.0,4853
5342.0,263
5349.0,994
5034.0,4353
5048.0,1020
5076.0,4788
5095.0,146
5164.0,3209
5202.0,1675
5262.0,1536
5264.0,4739
5364.0,2828
5364.0,4980
5406.0,258
5439.0,4495
5441.0,2241
5454.0,2990
5500.0,2567
5606.0,1383
5736.0,4446
5765.0,4696
5848.0,1003
5892.0,2913
6141.0,4112
6208.0,846
6262.0,2357
6307.0,2752
6333.0,1404
6539.0,98
6539.0,4879
6560.0,798
6569.0,709
6572.0,470
6600.0,639
6613.0,458
6653.0,263
6782.0,1051
6937.0,4060
6952.0,854
7063.0,885
7118.0,4330
7157.0,2204
7168.0,4471
7033.0,3726
7053.0,3892
7190.0,363
7246.0,473
7386.0,2383
7409.0,2158
7455.0,3616
7459.0,766
7558.0,431
7731.0,4148
7931.0,1148
7947.0,535
7973.0,304
7995.0,2586
8031.0,2461
8173.0,3004
8235.0,3063
8235.0,3006
8306.0,4007
8467.0,1811
8021.0,423
8087.0,3043
8112.0,4005
8137.0,2407
8181.0,265
8314.0,2947
8467.0,4784
8734.0,4107
8991.0,2738
9026.0,2405
9046.0,2560
9124.0,3361
9143.0,2450
9153.0,3061
9169.0,824
9203.0,4510
9223.0,127
9236.0,3686
9274.0,809
9296.0,189
9046.0,1606
9066.0,2469
9079.0,2654
9257.0,4649
9299.0,1190
9366.0,1257
9453.0,4602
9613.0,3532
9629.0,860
9657.0,1353
9682.0,4180
9884.0,4928
9955.0,4994
10027.0,3843
10061.0,1001
10126.0,2692
10280.0,4019
10341.0,949
10385.0,102
10411.0,4080
10034.0,571
10199.0,4963
10222.0,1631
10393.0,4876
10398.0,3464
10485.0,2742
10510.0,3537
10529.0,1606
10602.0,3504
10643.0,1431
10685.0,1327
10720.0,2809
10742.0,307
10769.0,1371
10890.0,3952
10906.0,3490
10908.0,2200
10964.0,2189
10991.0,4193
11174.0,2947
11011.0,2990
11050.0,816
11057.0,2984
11059.0,3570
11189.0,4885
11204.0,310
11215.0,3003
11230.0,3589
11251.0,1837
11271.0,1580
11365.0,1010
11398.0,217
11464.0,573
11467.0,2811
11496.0,1380
11513.0,1720
11569.0,3046
11609.0,284
11631.0,4261
11665.0,168
12017.0,1815
12200.0,3694
12243.0,4085
12316.0,4881
12331.0,4321
12375.0,2004
12422.0,3904
12434.0,3950
12493.0,1475
12496.0,1393
12580.0,4833
12618.0,486
12661.0,2519
12689.0,2883
12723.0,3878
12728.0,3750
12823.0,124
12842.0,1942
13022.0,2837
13084.0,3438
13051.0,1539
13109.0,3724
13139.0,497
13168.0,4412
13175.0,2695
13343.0,3758
13399.0,1628
13482.0,266
13553.0,261
13569.0,1206
13601.0,487
13638.0,1101
13658.0,4021
13699.0,4750
13749.0,2079
13765.0,3865
13821.0,716
13950.0,3626
14003.0,4158
14081.0,888
14140.0,99
14165.0,1004
14197.0,126
14219.0,2762
14391.0,2832
14425.0,198
14498.0,1475
14514.0,4230
14515.0,4286
14539.0,3906
14553.0,2016
14574.0,973
14664.0,35
14690.0,1468
14763.0,65
14777.0,4118
14778.0,3289
14798.0,4146
14863.0,3802
14878.0,2369
15007.0,486
15022.0,198
15060.0,3465
15078.0,3414
15082.0,1144
15119.0,4898
15349.0,3214
15351.0,3463
15364.0,1099
15504.0,642
15698.0,2524
15741.0,4068
15760.0,3326
15792.0,3775
15865.0,1837
15910.0,912
15951.0,3891
15961.0,4539
16049.0,3801
16173.0,2588
16074.0,71
16172.0,2075
16240.0,4483
16323.0,2809
16394.0,4197
16460.0,1352
16530.0,1799
16534.0,4308
16539.0,961
16582.0,1623
16641.0,834
16711.0,3246
16716.0,2051
16766.0,1532
16768.0,4208
16803.0,3352
16949.0,3268
16989.0,1983
17133.0,4327
17148.0,931
17051.0,2534
17130.0,3473
17186.0,532
17197.0,1953
17215.0,2930
17225.0,2133
17232.0,667
17265.0,3290
17303.0,3284
17363.0,2928
17392.0,3361
17431.0,905
17628.0,1116
17653.0,1520
17801.0,2705
17861.0,866
17862.0,3948
17884.0,2385
17939.0,4640
17966.0,1233
18008.0,727
18054.0,1619
18109.0,2933
18156.0,3109
18157.0,2097
18243.0,1469
18284.0,2468
18310.0,1298
18418.0,3963
18499.0,4594
18503.0,3810
18562.0,3376
18619.0,4921
18639.0,1743
18716.0,2619
18730.0,3931
18751.0,4637
18795.0,4024
18837.0,3085
18850.0,567
19064.0,4332
19168.0,3765
19175.0,3563
19251.0,4012
19301.0,3337
19349.0,3782
19372.0,4494
19452.0,1974
19454.0,2677
19479.0,2468
19518.0,1468
19616.0,2869
19617.0,3368
19673.0,4263
19683.0,1880
19776.0,2443
19780.0,3081
19788.0,2887
19818.0,1720
19923.0,1223
20234.0,842
20240.0,3206
20267.0,3850
20350.0,1153
20370.0,3807
20376.0,1011
20465.0,3056
20511.0,573
20558.0,3592
20620.0,4686
20637.0,2422
20737.0,2161
20762.0,1013
20801.0,2572
20818.0,2820
20855.0,657
20897.0,1868
20996.0,2612
21024.0,481
21096.0,4063
21055.0,284
21104.0,4750
21136.0,4105
21142.0,1117
21220.0,1288
21220.0,4521
21269.0,2013
21272.0,3398
21274.0,73
21337.0,759
21384.0,1445
21458.0,3060
21470.0,1231
21498.0,3325
21521.0,4248
21585.0,880
21592.0,3025
21620.0,3163
21656.0,1911
21902.0,1254
22043.0,2956
22070.0,3051
22072.0,3802
22114.0,4559
22192.0,634
22232.0,1875
22235.0,1417
22247.0,849
22278.0,2904
22346.0,2907
22421.0,625
22445.0,953
22509.0,2079
22521.0,1752
22565.0,2084
22587.0,4067
22606.0,2498
22622.0,4899
22680.0,2736
22697.0,2913
23142.0,2105
23177.0,1341
23238.0,2706
23279.0,3213
23325.0,1743
23362.0,2487
23411.0,2013
23469.0,3610
23549.0,2146
23585.0,4876
23610.0,3984
23651.0,1255
23791.0,377
23796.0,2813
23807.0,2305
23829.0,1243
23923.0,4115
23934.0,4511
24008.0,2236
24155.0,4723
24048.0,3441
24089.0,2414
24089.0,484
24101.0,4985
24221.0,3772
24342.0,4383
24352.0,899
24449.0,1043
24517.0,4192
24600.0,4398
24628.0,1904
24641.0,2819
24697.0,1617
24717.0,1024
24846.0,1513
24867.0,4169
24890.0,1677
24906.0,3151
24944.0,4992
25024.0,297
25007.0,4460
25011.0,2980
25168.0,4062
25213.0,393
25217.0,971
25246.0,524
25250.0,3503
25270.0,3336
25328.0,489
25420.0,1481
25491.0,4605
25548.0,394
25565.0,686
25605.0,1668
25649.0,3748
25701.0,3440
25707.0,702
25710.0,3515
25757.0,4995
25781.0,1599
26025.0,497
26091.0,3547
26153.0,2988
26216.0,2648
26404.0,810
26516.0,3611
26541.0,2384
26559.0,4080
26590.0,991
26638.0,4515
26675.0,2660
26696.0,2677
26762.0,1226
26795.0,3104
26883.0,2665
27194.0,2914
27220.0,3049
27271.0,2830
27272.0,1359
27319.0,2569
27051.0,1187
27190.0,2562
27265.0,2623
27278.0,1344
27311.0,2139
27343.0,3653
27348.0,4268
27382.0,147
27418.0,4322
27454.0,4270
27506.0,1716
27511.0,1922
27615.0,551
27624.0,1437
27648.0,197
27664.0,204
27725.0,1194
27768.0,858
27786.0,4639
27837.0,3653
28023.0,52
28052.0,4148
28083.0,4628
28089.0,4734
28239.0,4344
28480.0,763
28521.0,4059
28528.0,2949
28699.0,4106
28911.0,3069
28963.0,924
28981.0,4807
29090.0,351
29111.0,2833
29373.0,1107
29403.0,3944
29416.0,2231
29534.0,1646
29624.0,524
29784.0,4711
29036.0,2155
29080.0,2296
29328.0,882
29411.0,3626
29460.0,1648
29541.0,4097
29555.0,4074
29608.0,3099
29827.0,1162
29829.0,4554
29880.0,1956
29928.0,1755
30022.0,2106
30068.0,4804
30103.0,4609
30110.0,348
30146.0,540
30245.0,3576
30281.0,4092
30330.0,3237
30048.0,2654
30099.0,4676
30120.0,4656
30135.0,2170
30162.0,2380
30184.0,2080
30188.0,563
30235.0,1736
30286.0,865
30291.0,2462
30292.0,71
30414.0,1380
30415.0,4435
30456.0,498
30575.0,4941
30618.0,1558
30621.0,3851
30656.0,1339
30681.0,1153
30686.0,130
31034.0,504
31053.0,3722
31084.0,4901
31086.0,1646
31102.0,4985
31155.0,3819
31224.0,1514
31262.0,1646
31356.0,793
31422.0,3725
31455.0,907
31470.0,1214
31497.0,3015
31499.0,3927
31542.0,855
31549.0,531
31748.0,794
31757.0,3662
31766.0,1985
31777.0,420
32007.0,1155
32008.0,218
32056.0,2971
32082.0,1351
32341.0,565
32363.0,1453
32434.0,1725
32484.0,1237
32527.0,505
32568.0,4839
32877.0,628
32901.0,518
32944.0,2722
33016.0,2111
33037.0,834
33048.0,4589
33179.0,2297
33192.0,151
33285.0,4230
33288.0,396
33093.0,1675
33130.0,3294
33135.0,2638
33136.0,2306
33144.0,4124
33207.0,4080
33234.0,3387
33280.0,132
33526.0,497
33527.0,1845
33668.0,2623
33780.0,3713
33843.0,3475
33895.0,2033
33913.0,1560
33955.0,1685
33958.0,1144
33996.0,4836
34047.0,3308
34065.0,1864
34024.0,362
34054.0,4710
34200.0,2685
34278.0,4789
34283.0,2668
34392.0,418
34496.0,4233
34509.0,4372
34560.0,337
34568.0,2005
34686.0,3278
34784.0,3503
34892.0,1337
34910.0,1567
34934.0,2056
35030.0,1468
35060.0,1289
35199.0,598
35249.0,3430
35280.0,2835
35035.0,3377
35038.0,2252
35087.0,2021
35095.0,3959
35197.0,2295
35317.0,2501
35418.0,864
35520.0,2401
35693.0,627
35700.0,2639
35855.0,4635
36045.0,3545
36113.0,2355
36116.0,3723
36179.0,2189
36191.0,2357
36217.0,3620
36320.0,3507
36363.0,3622
36386.0,679
36044.0,2785
36123.0,634
36128.0,4102
36199.0,2049
36231.0,3670
36240.0,3137
36272.0,3328
36323.0,1054
36500.0,4727
36651.0,4520
36672.0,1459
36788.0,77
36828.0,4202
36863.0,507
37023.0,4721
37071.0,2030
37076.0,1647
37198.0,3346
37220.0,4042
37333.0,3643
37002.0,314
37055.0,4758
37080.0,704
37132.0,2451
37189.0,4527
37234.0,1504
37263.0,2849
37341.0,3386
37415.0,3183
37455.0,4887
37468.0,438
37486.0,4639
37525.0,2642
37620.0,424
37705.0,3966
37718.0,2899
37744.0,445
37755.0,847
37944.0,4421
37998.0,4253
38088.0,2152
38125.0,3200
38275.0,1463
38339.0,4387
38357.0,4894
38410.0,4720
38484.0,2943
38537.0,1540
38796.0,1466
38798.0,361
38818.0,308
38845.0,4183
38876.0,3907
38908.0,3632
38982.0,3746
39008.0,792
39058.0,1691
39064.0,1474
39078.0,1573
39102.0,2270
39057.0,3171
39060.0,1355
39247.0,4865
39293.0,615
39299.0,302
39304.0,1345
39315.0,4304
39330.0,3469
39358.0,2130
39365.0,4185
39508.0,3694
39511.0,534
39531.0,1
39665.0,655
39736.0,2127
39904.0,1126
39927.0,4714
39938.0,3649
39951.0,134
39955.0,759
40060.0,4382
40095.0,4197
40111.0,1719
40180.0,4655
40195.0,1223
40259.0,2604
40371.0,1400
40426.0,505
40438.0,3252
40471.0,1678
40520.0,3480
40635.0,1432
40720.0,1798
40722.0,1213
40766.0,893
40790.0,4736
40819.0,3945
40869.0,1504
40892.0,1852
40944.0,2421
41164.0,1830
41177.0,2460
41217.0,1037
41240.0,99
41442.0,4096
41444.0,3534
41555.0,3550
41577.0,3043
41579.0,3961
41583.0,1285
41606.0,3617
41623.0,4191
41688.0,2585
41702.0,2452
41719.0,4273
41719.0,153
41754.0,1475
41785.0,3199
41874.0,4695
41972.0,1058
42013.0,789
42051.0,1235
42121.0,565
42134.0,3895
42210.0,3678
42243.0,1711
42307.0,748
42317.0,362
42404.0,1211
42447.0,1415
42458.0,1876
42544.0,2789
42769.0,2662
42836.0,4178
42920.0,263
42944.0,44
42982.0,2615
42992.0,4263
43015.0,3014
43093.0,1560
43058.0,3788
43092.0,149
43199.0,4108
43259.0,3286
43387.0,1024
43432.0,4090
43449.0,1519
43459.0,2136
43487.0,1938
43562.0,1019
43613.0,1848
43673.0,4763
43739.0,863
43819.0,3915
43848.0,1723
43878.0,3614
43890.0,4057
43947.0,367
43965.0,2529
44023.0,3426
44060.0,4277
44220.0,2277
44228.0,3631
44237.0,2605
44284.0,2933
44332.0,2535
44379.0,2016
44408.0,2986
44501.0,1160
44556.0,116
44663.0,4849
44712.0,186
44729.0,225
44754.0,3803
44756.0,3699
44760.0,3220
44767.0,3638
44834.0,3000
44902.0,2826
44914.0,4139
45026.0,3847
45071.0,1662
45110.0,4861
45212.0,4403
45275.0,1690
45351.0,3041
45630.0,1081
45664.0,1288
45668.0,722
45685.0,510
45692.0,3821
45692.0,2813
45701.0,1405
45703.0,3001
45712.0,592
45717.0,4654
45722.0,307
45771.0,989
45866.0,1426
45867.0,995
46005.0,3507
46059.0,3415
46072.0,2860
46079.0,2687
46199.0,1287
46247.0,1949
46252.0,1284
46276.0,4575
46327.0,1565
46386.0,3485
46563.0,800
46565.0,4168
46571.0,3444
46640.0,639
46663.0,3118
46727.0,1044
46786.0,2081
46824.0,1982
46875.0,118
47170.0,2880
47002.0,1468
47016.0,3305
47049.0,255
47148.0,2305
47234.0,2548
47313.0,2040
47330.0,337
47405.0,813
47408.0,4578
47429.0,2567
47543.0,1473
47687.0,4127
47764.0,2324
47831.0,4211
47956.0,3288
47967.0,318
48093.0,3141
48110.0,1063
48127.0,1303
48135.0,4100
48047.0,3998
48074.0,1976
48140.0,2191
48147.0,162
48165.0,3923
48213.0,1465
48340.0,796
48410.0,269
48461.0,4120
48477.0,1630
48528.0,4767
48546.0,1889
48555.0,1297
48561.0,467
48695.0,1651
48703.0,2335
48722.0,2740
48724.0,650
48731.0,3594
48814.0,1058
49032.0,748
49060.0,4198
49138.0,4450
49201.0,4240
49245.0,1497
49255.0,2526
49332.0,4030
49358.0,2261
49385.0,1902
49398.0,4332
49401.0,4252
49434.0,3933
49463.0,331
49471.0,3003
49509.0,4724
49519.0,736
49529.0,1157
49534.0,2781
49607.0,3642
49736.0,885
50044.0,1280
50063.0,799
50165.0,1065
50230.0,4103
50260.0,640
50261.0,3494
50355.0,1840
50395.0,2774
50413.0,1586
50442.0,957
50450.0,2048
50467.0,2548
50497.0,3264
50503.0,1987
50611.0,218
50612.0,4105
50626.0,379
50677.0,952
50766.0,1265
50837.0,3949
51030.0,3473
51072.0,3379
51088.0,2017
51144.0,1579
51178.0,1061
51265.0,3979
51335.0,618
51358.0,4290
51457.0,1618
51520.0,2719
51537.0,3366
51577.0,2005
51601.0,963
51677.0,3174
51788.0,4971
51839.0,174
51839.0,1780
51941.0,2774
51949.0,3685
51960.0,383
52048.0,1532
52123.0,4433
52233.0,4519
52234.0,3342
52296.0,3988
52374.0,4008
52385.0,4821
52481.0,217
52516.0,2116
52518.0,2823
52602.0,3507
52664.0,2531
52749.0,3814
52769.0,3607
52777.0,1759
52786.0,4370
52862.0,4578
52912.0,460
52956.0,1591
53032.0,4075
53005.0,4593
53053.0,4526
53115.0,1012
53185.0,399
53206.0,994
53239.0,2657
53280.0,2418
53336.0,619
53351.0,3173
53448.0,632
53470.0,43
53482.0,826
53513.0,1240
53527.0,792
53587.0,4908
53605.0,2680
53640.0,4454
53660.0,4359
53722.0,2222
53734.0,3566
54031.0,2409
54068.0,1606
54073.0,1309
54161.0,1333
54170.0,3074
54188.0,1953
54414.0,3503
54431.0,4966
54444.0,2973
54507.0,3462
54589.0,515
54645.0,3558
54714.0,1057
54839.0,3180
54913.0,2791
54978.0,725
54986.0,2622
55020.0,3412
55050.0,4572
55145.0,3468
55062.0,1582
55077.0,390
55145.0,335
55192.0,895
55216.0,4306
55227.0,4033
55246.0,1872
55282.0,4781
55307.0,968
55308.0,449
55414.0,1634
55449.0,4335
55458.0,4206
55465.0,783
55562.0,546
55564.0,3149
55646.0,1647
55713.0,2379
55730.0,1031
55759.0,3477
56009.0,2183
56011.0,3443
56094.0,3666
56097.0,3313
56209.0,4852
56227.0,2903
56274.0,2976
56475.0,3693
56519.0,1833
56550.0,4450
56550.0,3871
56619.0,3822
56644.0,701
56649.0,517
56698.0,2035
56700.0,161
56712.0,3627
56776.0,4380
56790.0,568
56824.0,3798
57007.0,2973
57024.0,4441
57107.0,1178
57107.0,2055
57123.0,1648
57166.0,3163
57281.0,4147
57296.0,809
57431.0,2906
57456.0,193
57488.0,20
57567.0,2806
57594.0,2035
57598.0,2802
57625.0,1046
57657.0,785
57660.0,4627
57706.0,2908
57739.0,3802
57791.0,2819
58020.0,3732
58047.0,1912
58052.0,957
58161.0,3029
58179.0,3559
58184.0,261
58293.0,1872
58313.0,3410
58315.0,4194
58324.0,3644
58376.0,3591
58384.0,3252
58394.0,1079
58487.0,4169
58503.0,1713
58542.0,716
58549.0,3838
58609.0,1751
58679.0,1192
58727.0,856
59080.0,4166
59117.0,4783
59159.0,104
59165.0,576
59211.0,2398
59251.0,4489
59279.0,1334
59311.0,3305
59331.0,4531
59343.0,145
59357.0,1854
59398.0,822
59501.0,2787
59518.0,2076
59737.0,2364
59800.0,4194
59915.0,276
59934.0,2137
59948.0,50
59964.0,3867
60056.0,2174
60170.0,3967
60201.0,3188
60232.0,4561
60308.0,3762
60334.0,2807
60362.0,4631
60422.0,2434
60456.0,3753
60512.0,4044
60523.0,1163
60561.0,2939
60594.0,4379
60674.0,872
60711.0,3374
60713.0,1190
60923.0,2905
60972.0,4888
60974.0,370
61023.0,4487
61227.0,3184
61267.0,2282
61288.0,1873
61356.0,398
61366.0,38
61385.0,3247
61414.0,3099
61504.0,4611
61611.0,36
61614.0,624
61700.0,4061
61758.0,1974
61790.0,4218
61864.0,4157
61893.0,1993
61929.0,4965
61955.0,1260
61956.0,1410
61962.0,1702
62141.0,4252
62093.0,2140
62157.0,4451
62166.0,348
62171.0,1736
62271.0,4876
62279.0,2995
62296.0,4735
62302.0,4558
62399.0,3318
62416.0,2384
62429.0,3053
62434.0,4826
62462.0,2825
62471.0,1624
62479.0,3
62493.0,3033
62494.0,4841
62521.0,3870
62586.0,3659
62597.0,3450
63024.0,3352
63030.0,1936
63054.0,3519
63080.0,3147
63161.0,3498
63273.0,503
63317.0,4477
63365.0,2187
63379.0,780
63413.0,3618
63422.0,2037
63665.0,4857
63687.0,1043
63700.0,4360
63755.0,4920
63780.0,1696
63841.0,2208
63842.0,4211
63902.0,1519
63999.0,2931
64162.0,1751
64162.0,1812
64192.0,636
64264.0,3461
64265.0,1676
64443.0,4755
64485.0,2505
64531.0,4565
64596.0,1140
64683.0,1289
64690.0,667
64739.0,4054
64833.0,2643
64930.0,3933
64961.0,101
65018.0,913
65061.0,2029
65073.0,2274
65095.0,2800
65178.0,490
65042.0,3266
65416.0,1671
65470.0,4766
65472.0,4325
65501.0,1800
65581.0,2089
65590.0,1675
65608.0,792
65622.0,1604
65655.0,4943
65673.0,1142
65700.0,2180
65727.0,3418
65793.0,3643
65829.0,1219
65866.0,384
65867.0,408
65899.0,535
66011.0,189
66165.0,2620
66046.0,1222
66077.0,1640
66207.0,4580
66244.0,4795
66300.0,1619
66314.0,2488
66350.0,2137
66472.0,3174
66508.0,1247
66526.0,4345
66642.0,3789
66791.0,3864
66839.0,1744
66913.0,3403
66968.0,2640
66997.0,915
67014.0,3816
67040.0,4426
67059.0,4797
67097.0,2743
67046.0,1077
67073.0,1375
67158.0,1577
67250.0,1793
67259.0,2694
67264.0,3778
67279.0,3092
67303.0,4836
67376.0,1705
67393.0,2859
67428.0,3785
67449.0,1259
67538.0,2910
67546.0,960
67560.0,280
67644.0,871
67644.0,2126
67680.0,572
67723.0,2684
67768.0,4735
68005.0,2099
68021.0,3940
68078.0,4414
68106.0,4668
68127.0,4919
68137.0,4371
68160.0,504
68202.0,3172
68233.0,403
68242.0,1616
68307.0,4262
68368.0,319
68486.0,3246
68638.0,2131
68657.0,4675
68693.0,25
68732.0,1213
68740.0,2790
68747.0,4040
68786.0,2966
69023.0,1463
69234.0,14
69249.0,206
69285.0,382
69347.0,2783
69352.0,1759
69428.0,1404
69440.0,3334
69443.0,1506
69450.0,2975
69492.0,3730
69518.0,4857
69523.0,1021
69682.0,3878
69715.0,130
69722.0,76
69732.0,4249
69808.0,505
69843.0,1694
69849.0,4916
70013.0,119
70028.0,3778
70076.0,22
70099.0,167
70160.0,4260
70214.0,637
70242.0,3827
70334.0,1301
70383.0,3805
70418.0,95
70432.0,1387
70563.0,4876
70623.0,4793
70636.0,2843
70695.0,2614
70731.0,3718
70748.0,4521
70752.0,4695
70761.0,1246
70773.0,3824
71026.0,4472
71055.0,2619
71089.0,1999
71120.0,3529
71139.0,1005
71206.0,315
71246.0,956
71385.0,2292
71387.0,4060
71424.0,1698
71495.0,386
71621.0,79
71623.0,42
71637.0,1171
71659.0,2726
71895.0,3155
71932.0,2208
72050.0,2128
72116.0,4825
72148.0,1646
72068.0,1154
72097.0,3064
72173.0,1441
72282.0,3462
72328.0,1341
72336.0,4922
72384.0,2753
72755.0,3637
72769.0,4364
72816.0,3532
72839.0,178
72874.0,4888
72897.0,1316
72899.0,453
72956.0,3118
72985.0,1565
73046.0,3819
73051.0,4523
73071.0,2876
73094.0,645
73042.0,1046
73112.0,164
73141.0,3801
73151.0,4766
73204.0,2497
73235.0,1326
73399.0,635
73400.0,1672
73419.0,1122
73434.0,2362
73520.0,3660
73557.0,3354
73770.0,3888
73886.0,2836
73900.0,1554
73940.0,565
73950.0,1920
73990.0,3223
73998.0,2851
74064.0,889
74010.0,3859
74014.0,4013
74023.0,3003
74061.0,1836
74069.0,3200
74126.0,750
74154.0,3705
74166.0,3138
74169.0,2706
74192.0,3798
74231.0,1057
74262.0,1870
74414.0,175
74419.0,3002
74424.0,2889
74427.0,669
74443.0,3235
74486.0,3337
74496.0,1651
74497.0,3173
75030.0,3910
75061.0,4065
75106.0,4870
75167.0,4893
75284.0,1527
75314.0,113
75460.0,735
75479.0,1247
75520.0,3181
75633.0,3949
75828.0,3800
75975.0,3812
75982.0,119
75986.0,4762
76084.0,2489
76207.0,1228
76225.0,1573
76270.0,4487
76351.0,274
76352.0,3610
76009.0,4078
76033.0,4812
76251.0,4448
76399.0,3545
76511.0,4113
76577.0,4935
76606.0,4448
76640.0,4468
76652.0,3717
76681.0,1845
76752.0,3087
76783.0,1658
76839.0,147
76839.0,1332
76852.0,4867
76946.0,2627
77013.0,284
77107.0,2498
77123.0,1361
77280.0,2406
77002.0,2829
77011.0,3767
77057.0,1792
77271.0,516
77281.0,676
77281.0,2926
77427.0,2773
77430.0,4153
77439.0,3502
77442.0,4657
77500.0,4921
77511.0,1812
77652.0,71
77667.0,100
77702.0,3931
77844.0,4580
77917.0,1301
77983.0,4240
77992.0,624
78112.0,968
78009.0,3569
78094.0,3660
78130.0,3230
78135.0,766
78160.0,2236
78222.0,3474
78243.0,2088
78291.0,4217
78315.0,1810
78316.0,2238
78318.0,1317
78343.0,4546
78394.0,946
78416.0,4452
78470.0,1031
78591.0,4355
78708.0,4117
78713.0,212
78766.0,1828
78780.0,2035
79073.0,3527
79086.0,3712
79212.0,2055
79219.0,4800
79281.0,2549
79290.0,2786
79405.0,3766
79523.0,1839
79591.0,526
79627.0,822
79692.0,815
79777.0,3520
79783.0,910
79817.0,2521
79829.0,4096
79891.0,2135
79901.0,621
79930.0,1369
79969.0,3593
79990.0,3328
80001.0,4183
80066.0,4854
80088.0,1692
80111.0,3223
80134.0,2342
80289.0,3839
80293.0,2786
80408.0,4966
80408.0,634
80500.0,1046
80543.0,1630
80571.0,3201
80666.0,2496
80707.0,3284
80730.0,1695
80766.0,1759
80895.0,3910
80976.0,4119
81011.0,2627
81070.0,3940
81040.0,823
81065.0,110
81175.0,3896
81202.0,4442
81247.0,2924
81282.0,1131
81442.0,97
81475.0,4298
81494.0,4032
81516.0,665
81524.0,4017
81548.0,725
81568.0,2351
81609.0,457
81675.0,4655
81801.0,2882
81848.0,1093
81883.0,2009
81890.0,2224
81891.0,2803
82005.0,4254
82024.0,3674
82180.0,1006
82255.0,3612
82396.0,4398
82414.0,4665
82514.0,2216
82566.0,1329
82656.0,1135
82657.0,1484
82791.0,100
82896.0,3944
82931.0,4584
82934.0,4810
83118.0,4337
83213.0,2195
83228.0,479
83234.0,2877
83236.0,1936
83276.0,4729
83042.0,4474
83240.0,3930
83240.0,1093
83252.0,3052
83372.0,4135
83391.0,3828
83538.0,1622
83575.0,1371
83665.0,1652
83673.0,1699
83779.0,1603
84004.0,4506
84054.0,165
84073.0,1200
84109.0,2715
84141.0,2883
84196.0,3586
84214.0,2366
84309.0,147
84393.0,3673
84038.0,2674
84086.0,677
84100.0,3098
84110.0,47
84199.0,3034
84201.0,2564
84224.0,2656
84243.0,523
84265.0,2087
84326.0,1053
84359.0,166
84383.0,780
84408.0,2493
84417.0,3690
84440.0,2366
84445.0,983
84463.0,588
84479.0,327
84486.0,702
84539.0,27
85012.0,2284
85048.0,3834
85083.0,1903
85086.0,3361
85095.0,2664
85103.0,621
85157.0,4225
85285.0,4111
85324.0,2633
85369.0,2740
85448.0,393
85457.0,1462
85489.0,563
85501.0,2171
85692.0,3335
85793.0,3896
85894.0,524
85910.0,3167
85939.0,1678
85943.0,2457
86085.0,112
86339.0,698
86356.0,99
86419.0,3299
86432.0,4136
86450.0,2484
86529.0,2631
86577.0,245
86605.0,1526
86606.0,4840
86621.0,3862
86719.0,3592
86752.0,1535
86772.0,3304
86850.0,2220
86867.0,6
86911.0,2450
86915.0,1146
86925.0,1728
86927.0,669
87041.0,4694
87081.0,1857
87115.0,3372
87133.0,1360
87154.0,1522
87200.0,3603
87231.0,1597
87264.0,2069
87304.0,4427
87341.0,3573
87396.0,571
87431.0,213
87436.0,1018
87453.0,3037
87512.0,1173
87632.0,951
87753.0,4918
87791.0,3307
87828.0,1967
87829.0,2856
88038.0,3740
88129.0,3987
88177.0,766
88224.0,4867
88241.0,740
88333.0,3329
88498.0,4196
88546.0,1949
88546.0,80
88569.0,1820
88573.0,2669
88596.0,1379
88602.0,949
88796.0,3471
88853.0,2815
88871.0,665
88929.0,4106
89059.0,4168
89067.0,3231
89086.0,2329
89023.0,3901
89045.0,4608
89094.0,2409
89115.0,4249
89119.0,2696
89120.0,4493
89132.0,2338
89192.0,1872
89251.0,927
89289.0,803
89291.0,366
89443.0,2766
89446.0,905
89474.0,2653
89575.0,1109
89589.0,2164
89675.0,4790
89705.0,2349
89940.0,973
90135.0,2905
90045.0,2470
90073.0,4814
90075.0,2158
90099.0,2126
90179.0,1123
90185.0,2263
90194.0,2262
90239.0,4528
90259.0,1113
90343.0,2528
90434.0,3619
90450.0,4324
90458.0,2538
90462.0,3686
90510.0,568
90523.0,536
90580.0,3247
90705.0,1742
90873.0,4733
90890.0,2796
91003.0,3061
91016.0,3780
91066.0,1451
91097.0,1603
91127.0,856
91133.0,2279
91272.0,1475
91285.0,3718
91340.0,1922
91425.0,4985
91481.0,778
91559.0,1378
91575.0,2846
91666.0,3753
91676.0,4374
91715.0,1536
91743.0,3078
91746.0,1911
91811.0,3515
91853.0,2978
92026.0,2580
92090.0,4865
92097.0,3727
92105.0,3723
92162.0,2136
92178.0,2667
92216.0,691
92217.0,4812
92271.0,429
92368.0,2210
92399.0,2342
92415.0,1378
92465.0,4299
92548.0,47
92668.0,708
92706.0,2627
92725.0,3049
93043.0,1612
93154.0,1831
93197.0,400
93018.0,623
93023.0,120
93023.0,3592
93026.0,740
93083.0,4630
93136.0,2799
93141.0,3526
93192.0,4676
93323.0,439
93356.0,4312
93357.0,1626
93363.0,1679
93368.0,2295
93459.0,1932
93467.0,4557
93529.0,1901
93593.0,128
93619.0,1594
93651.0,1965
93695.0,1658
94124.0,4220
94256.0,496
94359.0,916
94395.0,816
94477.0,673
94479.0,998
94515.0,137
94517.0,374
94607.0,863
94680.0,1456
94719.0,2975
94775.0,4865
94818.0,2043
94867.0,4212
94897.0,599
94967.0,1628
95076.0,301
95081.0,768
95150.0,1884
95154.0,419
95033.0,561
95058.0,3782
95064.0,2474
95134.0,524
95145.0,4236
95163.0,4506
95240.0,788
95250.0,3112
95261.0,1834
95367.0,3425
95382.0,4706
95499.0,4496
95552.0,2966
95558.0,1548
95596.0,1041
95679.0,169
95795.0,1194
95932.0,3606
96152.0,2223
96192.0,3281
96020.0,4110
96099.0,3118
96100.0,1858
96145.0,2321
96170.0,1295
96304.0,414
96307.0,2220
96317.0,3318
96317.0,2919
96349.0,3308
96425.0,4084
96533.0,942
96567.0,2161
96703.0,4489
96763.0,2523
96766.0,1487
96869.0,4877
96924.0,4635
96965.0,2957
96967.0,3371
97019.0,4021
97022.0,3996
97042.0,3495
97072.0,2103
97202.0,3405
97212.0,890
97290.0,1039
97362.0,2979
97403.0,197
97413.0,4011
97444.0,3456
97456.0,3488
97683.0,1538
97799.0,2869
97850.0,1955
97885.0,4191
97891.0,2874
97898.0,326
97921.0,1861
97999.0,4820
98116.0,2355
98117.0,1481
98179.0,4135
98193.0,2806
98272.0,577
98328.0,1177
98471.0,2728
98591.0,4184
98612.0,3186
98663.0,1285
98679.0,4623
98822.0,803
98897.0,1211
98917.0,2722
98958.0,2643
99011.0,30
99098.0,4879
99153.0,4691
99294.0,259
99324.0,1055
99016.0,4174
99031.0,4990
99033.0,159
99044.0,1318
99068.0,4124
99087.0,3916
99145.0,3845
99193.0,199
99197.0,4402
99241.0,813
99337.0,4314
99374.0,717
99409.0,1669
99422.0,1366
99435.0,1821
99438.0,3540
99439.0,670
99458.0,2266
99499.0,4549
99513.0,3768
100026.0,254
100127.0,1780
100129.0,4037
100158.0,4660
100165.0,2046
100187.0,3110
100274.0,4208
100450.0,4527
100462.0,2888
100506.0,2925
100546.0,1235
100581.0,3610
100608.0,2742
100635.0,2843
100661.0,2527
100679.0,595
100716.0,3029
100731.0,4836
100734.0,1650
100788.0,2498
101029.0,60
101035.0,3972
101184.0,4795
101226.0,4978
101226.0,1923
101231.0,3141
101250.0,3212
101258.0,950
101261.0,538
101305.0,3485
101364.0,264
101489.0,3899
101498.0,2318
101640.0,636
101658.0,2337
101791.0,1328
101826.0,795
101853.0,4351
101854.0,4106
101858.0,469
102025.0,863
102028.0,2013
102095.0,1742
102142.0,595
102183.0,4554
102237.0,4926
102345.0,4241
102386.0,1936
102592.0,4158
102609.0,1691
102627.0,639
102649.0,1637
102655.0,1884
102733.0,3395
102757.0,401
102767.0,3204
102777.0,2407
102798.0,1971
102802.0,1631
102847.0,379
103007.0,3312
103062.0,1992
103145.0,3292
103187.0,1379
103215.0,4578
103231.0,2057
103240.0,4286
103245.0,1376
103262.0,1129
103302.0,2603
103319.0,846
103356.0,1256
103467.0,2411
103468.0,710
103573.0,1254
103595.0,2870
103631.0,1168
103651.0,3895
103757.0,855
103855.0,1064
104020.0,3109
104118.0,3368
104184.0,1855
104203.0,4569
104236.0,2744
104322.0,2760
104347.0,2997
104376.0,1032
104431.0,1840
104589.0,3341
104590.0,642
104608.0,3908
104686.0,2916
104979.0,2985
104995.0,912
105014.0,3359
105068.0,536
105079.0,2506
105204.0,4627
105221.0,2804
105015.0,2334
105044.0,3654
105044.0,1349
105077.0,915
105082.0,4006
105134.0,3036
105204.0,2026
105348.0,4312
105360.0,3190
105376.0,2384
105430.0,4649
105442.0,2302
105510.0,1028
105571.0,3439
105595.0,3507
105633.0,799
105668.0,4160
105730.0,3515
105772.0,927
105878.0,1798
106008.0,1256
106080.0,3394
106152.0,3963
106182.0,277
106503.0,2697
106508.0,470
106526.0,3487
106638.0,44
106641.0,1307
106705.0,3384
106722.0,709
106731.0,244
106913.0,1508
106934.0,4516
107061.0,4169
107086.0,4142
107130.0,3728
107182.0,2004
107226.0,608
107277.0,4572
107070.0,2425
107081.0,1599
107090.0,2638
107149.0,1645
107440.0,3647
107445.0,683
107636.0,3257
107641.0,2060
107643.0,2458
107766.0,943
108105.0,3967
108143.0,4654
108196.0,1643
108218.0,2342
108291.0,313
108308.0,1494
108330.0,350
108373.0,724
108380.0,4141
108382.0,3243
108027.0,532
108064.0,3368
108070.0,2915
108112.0,1193
108139.0,3362
108144.0,2133
108205.0,4867
108271.0,3329
108274.0,2548
108407.0,741
108488.0,3630
108559.0,444
108567.0,3835
108572.0,2319
108603.0,1346
108624.0,3694
108646.0,1378
108663.0,1758
108758.0,2624
108787.0,5
109030.0,1542
109087.0,4166
109154.0,4121
109173.0,2095
109269.0,273
109276.0,1373
109287.0,906
109290.0,3172
109311.0,3305
109393.0,3514
109488.0,951
109506.0,4233
109581.0,4724
109665.0,3146
109740.0,3710
109787.0,4970
109802.0,1596
109972.0,2351
110071.0,2935
110072.0,2535
110091.0,2165
110010.0,1298
110018.0,4503
110034.0,2520
110037.0,3331
110163.0,571
110195.0,3477
110287.0,645
110369.0,3686
110516.0,3365
110526.0,2495
110587.0,674
110665.0,1852
110711.0,3931
110730.0,487
110791.0,2571
110803.0,1085
110812.0,3826
110891.0,3406
110902.0,1187
110922.0,2850
111104.0,4095
111135.0,717
111138.0,4876
111138.0,2385
111179.0,2268
111247.0,1871
111320.0,361
111338.0,2365
111392.0,667
111424.0,2605
111464.0,2404
111498.0,2310
111534.0,4511
111546.0,3988
111546.0,328
111567.0,1543
111721.0,4526
111822.0,2827
111896.0,761
111955.0,2466
111999.0,4335
112027.0,4250
112147.0,1908
112211.0,2037
112232.0,2085
112239.0,3765
112343.0,3321
112402.0,3620
112424.0,1862
112494.0,110
112534.0,1075
112551.0,4655
112576.0,2452
112664.0,747
112712.0,197
112754.0,3503
112830.0,4521
112931.0,4575
112936.0,1061
112939.0,4281
112956.0,1029
113031.0,4689
113074.0,1015
113025.0,2515
113055.0,929
113187.0,755
113402.0,937
113417.0,3250
113420.0,4432
113513.0,2194
113532.0,4786
113576.0,2544
113634.0,3378
113704.0,2855
113706.0,219
113773.0,385
113779.0,158
113854.0,2121
113872.0,1299
113882.0,3993
113896.0,1129
113933.0,2860
113988.0,1992
114043.0,3573
114037.0,30
114142.0,4282
114144.0,4659
114256.0,2569
114282.0,3650
114293.0,241
114303.0,2974
114305.0,3793
114323.0,3904
114333.0,1883
114479.0,4863
114490.0,279
114551.0,1435
114688.0,1299
114786.0,617
114856.0,3949
114928.0,2582
115038.0,3190
115165.0,1088
115168.0,1894
115173.0,3806
115027.0,1883
115040.0,4959
115118.0,100
115128.0,2527
115224.0,2633
115384.0,951
115446.0,2153
115478.0,3038
115485.0,1295
115487.0,976
115555.0,4917
115569.0,4116
115586.0,653
115613.0,4848
115639.0,1429
115642.0,4298
115685.0,2998
115699.0,1914
115700.0,4089
115759.0,4934
115765.0,407
116013.0,1770
116020.0,4611
116033.0,552
116040.0,432
116110.0,2644
116129.0,2979
116168.0,4714
116182.0,3004
116191.0,3021
116197.0,3273
116220.0,320
116231.0,4583
116244.0,4832
116262.0,494
116302.0,1175
116356.0,1302
116452.0,3815
116478.0,4916
116606.0,127
116667.0,3642
116667.0,2153
117111.0,4733
117162.0,4338
117190.0,2434
117218.0,4703
117238.0,1479
117273.0,62
117299.0,4094
117453.0,2471
117490.0,2971
117499.0,3142
117503.0,3090
117522.0,207
117527.0,3753
117625.0,23
117627.0,4820
117656.0,2118
117798.0,1604
117802.0,1931
117812.0,2277
117844.0,110
117856.0,751
118031.0,71
118070.0,1915
118084.0,2922
118107.0,3487
118160.0,4003
118175.0,4620
118261.0,77
118375.0,2220
118391.0,2316
118394.0,3909
118416.0,3560
118445.0,2067
118523.0,3088
118640.0,4178
118662.0,3145
118862.0,2850
118917.0,3493
118929.0,4127
118999.0,445
119045.0,1177
119100.0,2490
119067.0,23
119081.0,1425
119104.0,1076
119121.0,39
119258.0,504
119273.0,433
119307.0,1977
119331.0,2259
119448.0,1672
119474.0,3177
119628.0,554
119649.0,3314
119682.0,470
119701.0,1241
119751.0,4816
119768.0,2933
119925.0,4929
119937.0,2589
119952.0,3689
119969.0,169
120003.0,1811
120040.0,3830
120073.0,4110
120101.0,421
120164.0,3016
120169.0,4236
120173.0,3273
120195.0,4943
120205.0,1364
120218.0,1835
120253.0,4125
120270.0,2897
120285.0,91
120415.0,1935
120543.0,554
120656.0,2149
120779.0,3125
120781.0,4277
120821.0,4223
121004.0,2335
121142.0,1599
121172.0,2227
121029.0,1182
121036.0,4256
121202.0,4312
121265.0,587
121267.0,4664
121330.0,1062
121332.0,3346
121332.0,3391
121340.0,4672
121395.0,1440
121408.0,4401
121429.0,1542
121556.0,4929
121652.0,4579
121692.0,3777
121722.0,4037
121784.0,3343
121852.0,1973
121964.0,1243
122018.0,537
122037.0,4863
122016.0,1008
122023.0,2751
122358.0,1890
122397.0,3447
122415.0,309
122427.0,1627
122468.0,2543
122497.0,3343
122500.0,2798
122500.0,4278
122559.0,3547
122581.0,3870
122590.0,2467
122609.0,1318
122666.0,536
122702.0,4779
122816.0,2920
122869.0,1117
122916.0,4174
122953.0,4098
122958.0,631
123248.0,4752
123270.0,2291
123282.0,4490
123353.0,1178
123386.0,3611
123386.0,1020
123392.0,2170
123427.0,1510
123446.0,2133
123512.0,528
123624.0,2414
123669.0,2849
123704.0,3143
123750.0,4131
123752.0,2869
123759.0,287
124042.0,2110
124117.0,2025
124167.0,828
124212.0,1932
124220.0,3337
124109.0,1370
124233.0,1758
124276.0,3807
124341.0,4873
124390.0,1429
124411.0,4142
124452.0,2487
124464.0,1282
124549.0,3011
124580.0,383
124586.0,4190
124591.0,4655
124598.0,3449
124687.0,4676
124703.0,4104
124791.0,3783
124815.0,4781
124818.0,608
124855.0,3553
124860.0,2015
124957.0,3366
125003.0,4289
125017.0,2316
125089.0,1284
125172.0,787
125296.0,2502
125349.0,4068
125397.0,1368
125465.0,344
125472.0,1944
125487.0,1138
125499.0,2692
125554.0,182
125585.0,4689
125605.0,1077
125681.0,85
125708.0,3133
125758.0,466
125790.0,3164
125814.0,2686
125867.0,3065
125899.0,3665
126032.0,6
126036.0,838
126043.0,3872
126053.0,4470
126061.0,3111
126083.0,3129
126120.0,618
126184.0,2397
126195.0,415
126356.0,765
126371.0,4360
126422.0,63
126532.0,2768
126597.0,899
126637.0,1373
126662.0,4418
126678.0,4325
126679.0,4858
126705.0,3335
126776.0,78
126809.0,3553
127025.0,4642
127099.0,315
127122.0,3577
127161.0,3080
127166.0,2588
127248.0,483
127266.0,3535
127364.0,1826
127618.0,3493
127622.0,3635
127632.0,3842
127756.0,1944
127800.0,2843
127810.0,2282
127853.0,1057
127911.0,851
127924.0,3755
127926.0,2395
127990.0,1073
127995.0,4457
128070.0,4841
128037.0,4350
128042.0,2960
128142.0,3884
128147.0,4006
128264.0,3991
128279.0,2090
128293.0,1434
128341.0,2722
128475.0,124
128484.0,1787
128492.0,1591
128500.0,212
128577.0,522
128578.0,3774
128578.0,1774
128583.0,3338
128620.0,1504
128647.0,4583
128671.0,2342
128710.0,840
128860.0,2253
129052.0,4662
129156.0,1174
129163.0,1799
129185.0,3876
129202.0,2272
129361.0,4721
129361.0,4169
129511.0,4680
129511.0,549
129529.0,4548
129556.0,464
129598.0,493
129662.0,1903
129662.0,4834
129724.0,2443
129740.0,4259
129813.0,747
129831.0,4090
129874.0,1936
129903.0,1541
129957.0,2224
130032.0,4663
130060.0,2577
130138.0,2212
130208.0,4973
130210.0,2629
130282.0,3207
130352.0,3227
130427.0,1485
130535.0,2864
130547.0,321
130548.0,2769
130549.0,4326
130557.0,3822
130569.0,4015
130582.0,46
130681.0,2953
130741.0,2194
130756.0,2138
130784.0,3950
130868.0,2873
130898.0,4686
131090.0,4458
131194.0,2962
131264.0,2584
131290.0,3039
131315.0,1095
131388.0,3737
131399.0,864
131428.0,4479
131551.0,4508
131613.0,4530
131779.0,2273
131833.0,3659
131878.0,1881
131974.0,522
132029.0,3725
132045.0,4857
132171.0,4401
132202.0,3430
132241.0,4282
132273.0,2505
132323.0,1946
132003.0,4109
132076.0,144
132104.0,1052
132107.0,2050
132227.0,112
132288.0,4375
132380.0,1026
132435.0,2481
132531.0,3340
132534.0,4698
132537.0,878
132547.0,418
132566.0,4443
132570.0,4866
132706.0,1008
132749.0,641
132750.0,3338
132765.0,3336
132802.0,3981
132923.0,464
132989.0,3932
133019.0,1706
133031.0,2869
133094.0,4004
133113.0,829
133136.0,3057
133158.0,2147
133180.0,2402
133297.0,4937
133358.0,2094
133368.0,1343
133430.0,1040
133497.0,4391
133571.0,4062
133585.0,1369
133598.0,236
133603.0,3589
133605.0,2481
133609.0,2251
133642.0,2810
133676.0,4948
133721.0,1538
134049.0,2498
134091.0,3313
134111.0,3175
134137.0,22
134156.0,871
134245.0,4718
134400.0,3591
134487.0,4355
134492.0,3663
134510.0,669
134560.0,2519
134619.0,3334
134642.0,650
134672.0,4194
134712.0,82
134761.0,3859
134779.0,3208
134861.0,43
134890.0,4534
134891.0,1926
134916.0,3688
135008.0,1963
135166.0,3133
135204.0,4052
135334.0,2665
135478.0,3109
135480.0,368
135574.0,733
135587.0,1597
135644.0,4543
135644.0,4016
135732.0,4343
135751.0,4934
135791.0,3872
135868.0,541
136009.0,1328
136066.0,953
136106.0,3020
136200.0,1951
136213.0,1772
136302.0,3876
136343.0,1935
136042.0,2026
136063.0,2460
136075.0,1112
136155.0,4548
136190.0,2932
136205.0,1892
136217.0,1818
136218.0,3651
136308.0,3284
136359.0,408
136384.0,1328
136539.0,3294
136550.0,1042
136586.0,3640
136716.0,2480
136758.0,3243
136857.0,2482
137242.0,2205
137362.0,1497
137471.0,4985
137507.0,2779
137009.0,1941
137046.0,1579
137139.0,1677
137144.0,2229
137275.0,2797
137308.0,988
137353.0,4092
137364.0,3981
137388.0,3496
137391.0,3048
137597.0,2324
137683.0,816
137847.0,4436
137871.0,4299
137898.0,1936
137923.0,2570
137929.0,297
137952.0,439
138001.0,457
138038.0,2480
138085.0,2795
138064.0,2338
138084.0,951
138157.0,1711
138166.0,1107
138281.0,2067
138291.0,1209
138446.0,998
138449.0,819
138467.0,3401
138509.0,216
138565.0,1724
138596.0,897
138633.0,4905
138641.0,283
138689.0,3986
138715.0,1994
138762.0,3958
138857.0,4485
138892.0,754
138925.0,1802
138952.0,1440
139058.0,3728
139122.0,3507
139184.0,4690
139189.0,4457
139199.0,2175
139243.0,4343
139260.0,706
139318.0,1125
139496.0,3687
139532.0,2189
139575.0,2620
139650.0,765
139696.0,1695
139701.0,4459
139732.0,3236
139817.0,2599
139847.0,4072
139858.0,480
139884.0,907
139884.0,2421
139889.0,4415
140026.0,286
140062.0,4465
140128.0,1417
140162.0,4344
140185.0,1045
140228.0,1665
140246.0,4058
140249.0,4678
140252.0,963
140322.0,2305
140402.0,14
140434.0,3055
140441.0,331
140451.0,2493
140519.0,1442
140523.0,3544
140571.0,2649
140584.0,3790
140773.0,1321
140868.0,2339
140905.0,2038
141005.0,2766
141179.0,1549
141246.0,4175
141256.0,2379
141295.0,4710
141305.0,745
141312.0,713
141331.0,3526
141348.0,4102
141379.0,3040
141434.0,3807
141488.0,2827
141686.0,538
141755.0,3247
141782.0,3067
141819.0,535
141838.0,4201
141982.0,2652
142071.0,2782
142086.0,2389
142217.0,2080
142052.0,1623
142061.0,1478
142115.0,3807
142133.0,2018
142182.0,871
142361.0,4634
142375.0,1801
142436.0,846
142459.0,2969
142477.0,4159
142477.0,4087
142572.0,4033
142586.0,2034
142663.0,2678
142673.0,1349
142723.0,3248
142736.0,2161
142754.0,4835
142802.0,1382
142821.0,1603
142834.0,457
143039.0,3697
143052.0,4370
143199.0,1536
143344.0,4792
143415.0,4588
143588.0,3323
143628.0,4071
143652.0,1814
143658.0,3335
143665.0,1723
143683.0,271
143809.0,1521
143847.0,4599
143953.0,190
143969.0,4736
144020.0,15
144032.0,4382
144032.0,3761
144057.0,1079
144099.0,4205
144112.0,4240
144130.0,4964
144143.0,265
144171.0,1361
144220.0,2669
144226.0,292
144271.0,1593
144275.0,647
144327.0,73
144375.0,1788
144407.0,3774
144461.0,2311
144554.0,2661
144558.0,2952
144583.0,2459
144641.0,3065
144752.0,1824
144867.0,4843
144876.0,1455
144904.0,1986
144977.0,3219
145043.0,2857
145016.0,1636
145017.0,3859
145079.0,795
145092.0,4005
145137.0,827
145138.0,2736
145269.0,4167
145294.0,1874
145307.0,1264
145322.0,251
145370.0,1040
145374.0,278
145390.0,2308
145481.0,1556
145583.0,3627
145593.0,3918
145654.0,4329
145751.0,2815
145755.0,1493
145835.0,2372
145926.0,4838
146028.0,1823
146108.0,4748
146121.0,3304
146134.0,3402
146314.0,3090
146371.0,3964
146384.0,757
146408.0,3150
146444.0,3895
146486.0,2792
146550.0,3076
146661.0,2908
146676.0,1072
146698.0,1045
146747.0,1456
146750.0,1892
146906.0,4856
146914.0,2220
146952.0,2085
147034.0,1112
147126.0,4154
147026.0,503
147058.0,2859
147199.0,1999
147241.0,194
147316.0,1205
147359.0,1142
147465.0,2803
147579.0,151
147665.0,2119
147676.0,1413
147753.0,51
147810.0,1752
147962.0,4136
148020.0,1417
148097.0,1494
148114.0,2903
148265.0,1925
148286.0,4588
148313.0,1291
148331.0,3714
148346.0,3890
148024.0,4232
148027.0,4514
148029.0,737
148109.0,2722
148163.0,4501
148196.0,1604
148202.0,1410
148215.0,3924
148325.0,2869
148347.0,3386
148357.0,2560
148381.0,3501
148403.0,3304
148434.0,1158
148466.0,2440
148512.0,109
148537.0,4595
148543.0,1283
148634.0,4742
148719.0,1121
148761.0,3252
149077.0,11
149104.0,2845
149128.0,2305
149131.0,4455
149233.0,1626
149281.0,2284
149292.0,2952
149344.0,2823
149364.0,3411
149381.0,2743
149530.0,4738
149610.0,2948
149799.0,545
149867.0,1459
149914.0,2448
149940.0,3699
150234.0,2667
150330.0,1043
150334.0,441
150377.0,3004
150424.0,1581
150006.0,273
150077.0,4571
150096.0,2977
150132.0,3696
150142.0,458
150176.0,3567
150253.0,2306
150367.0,1157
150372.0,176
150418.0,2088
150471.0,768
150491.0,3110
150493.0,4610
150629.0,4580
150657.0,771
150796.0,21
150817.0,140
150839.0,996
150886.0,1404
150920.0,2518
151005.0,3098
151039.0,4049
151160.0,3523
151175.0,668
151203.0,2890
151339.0,4391
151413.0,1317
151422.0,4681
151428.0,2098
151563.0,4202
151620.0,3835
151754.0,4752
151895.0,2867
151905.0,254
151928.0,2122
151967.0,4675
152032.0,4654
152036.0,635
152171.0,4203
152208.0,419
152234.0,3275
152241.0,2791
152004.0,1512
152034.0,2178
152050.0,1021
152139.0,3581
152162.0,1080
152364.0,4440
152594.0,3355
152595.0,2145
152629.0,2607
152638.0,1536
152693.0,3652
152754.0,2168
152785.0,2205
152803.0,2051
152812.0,4562
152891.0,924
152896.0,3442
152912.0,4480
152913.0,2211
152928.0,1410
153015.0,944
153054.0,2314
153060.0,3280
153133.0,1279
153151.0,4787
153172.0,905
153213.0,1145
153231.0,3015
153246.0,1630
153246.0,4151
153262.0,4790
153280.0,887
153282.0,2751
153313.0,1907
153335.0,1732
153359.0,902
153370.0,4129
153426.0,1179
153436.0,3939
153439.0,4746
153455.0,3629
153465.0,4898
154036.0,4959
154116.0,648
154145.0,1699
154208.0,4250
154219.0,3836
154227.0,2906
154268.0,1308
154310.0,3429
154312.0,2506
154351.0,1626
154366.0,2555
154433.0,4367
154466.0,49
154552.0,4785
154616.0,1948
154644.0,178
154768.0,4
154785.0,2748
154803.0,360
154851.0,4884
154907.0,2872
155007.0,936
155086.0,942
155196.0,3000
155271.0,57
155307.0,4209
155426.0,2776
155458.0,4047
155488.0,3482
155493.0,3665
155496.0,1721
155532.0,4494
155540.0,1682
155553.0,2944
155555.0,3547
155792.0,4269
155794.0,4492
155881.0,3060
155909.0,4247
155917.0,789
155918.0,2178
155928.0,1034
156122.0,3900
156153.0,4966
156155.0,51
156164.0,451
156237.0,2947
156245.0,1065
156306.0,366
156313.0,1857
156356.0,2161
156394.0,2682
156524.0,52
156568.0,3051
156574.0,2883
156599.0,431
156675.0,2802
156686.0,914
156782.0,3740
156836.0,322
156953.0,2477
157000.0,1875
157057.0,4140
157044.0,1950
157158.0,2202
157246.0,2061
157367.0,3254
157369.0,2593
157374.0,2832
157382.0,3216
157395.0,246
157553.0,1141
157652.0,4271
157706.0,3748
157744.0,1886
157892.0,3656
157927.0,2617
157939.0,3272
158056.0,493
158081.0,2775
158167.0,710
158253.0,3510
158257.0,1538
158276.0,3326
158103.0,3833
158135.0,898
158170.0,1238
158262.0,3559
158269.0,810
158269.0,3020
158298.0,4424
158306.0,2958
158314.0,3340
158351.0,4931
158355.0,3336
158356.0,1329
158456.0,2736
158458.0,1139
158491.0,1098
158530.0,1397
158540.0,4301
158556.0,4283
158578.0,2177
158688.0,2038
158757.0,81
159019.0,1838
159021.0,4614
159144.0,2831
159147.0,1372
159151.0,3718
159193.0,1206
159281.0,718
159305.0,2389
159386.0,555
159404.0,4935
159410.0,4992
159442.0,4016
159455.0,3545
159467.0,3734
159520.0,281
159623.0,3770
159673.0,1130
159744.0,4299
159825.0,962
159892.0,482
159895.0,3917
160081.0,2311
160094.0,1337
160195.0,1428
160204.0,3819
160246.0,645
160336.0,746
160340.0,1201
160376.0,760
160444.0,3773
160528.0,3539
160714.0,2028
160739.0,763
160744.0,4212
160802.0,2498
160853.0,1050
161033.0,1437
161060.0,1839
161131.0,1981
161178.0,1903
161359.0,887
161388.0,4604
161012.0,4597
161066.0,429
161188.0,1296
161201.0,39
161294.0,2187
161301.0,4827
161422.0,2206
161481.0,1129
161513.0,1201
161529.0,3645
161552.0,1504
161582.0,1181
161626.0,903
161632.0,1738
161676.0,3949
161698.0,3148
161705.0,1219
161782.0,2615
161792.0,2728
161841.0,1615
161971.0,4227
162024.0,1805
162082.0,4915
162138.0,814
162224.0,4379
162302.0,4028
162337.0,129
162367.0,1073
162387.0,2011
162459.0,1663
162509.0,2713
162533.0,3779
162616.0,647
162681.0,3993
162784.0,2511
162789.0,1953
162876.0,4071
162883.0,2674
162885.0,1855
162946.0,2857
163042.0,4153
163075.0,4108
163098.0,4741
163113.0,1172
163123.0,1536
163197.0,902
163231.0,3280
163235.0,2049
163240.0,2516
163272.0,487
163298.0,1100
163299.0,1619
163318.0,1642
163522.0,385
163680.0,1457
163758.0,667
163774.0,1962
163849.0,4372
163850.0,2699
163916.0,3421
163965.0,2611
164032.0,1080
164170.0,915
164015.0,1995
164047.0,2770
164079.0,4723
164188.0,2353
164223.0,2494
164299.0,2848
164306.0,3897
164333.0,790
164502.0,1350
164574.0,4639
164597.0,173
164631.0,3231
164701.0,4689
164719.0,1876
164742.0,3150
164745.0,3099
164825.0,211
164858.0,1219
164899.0,2918
164946.0,3024
165077.0,4056
165015.0,1983
165086.0,2315
165186.0,4406
165197.0,282
165231.0,92
165378.0,168
165398.0,4188
165408.0,4544
165427.0,4005
165499.0,2102
165501.0,1355
165535.0,4893
165595.0,1023
165621.0,700
165633.0,1273
165729.0,859
165738.0,1837
165746.0,3901
165765.0,4704
165772.0,4346
165815.0,1402
166027.0,2856
166071.0,358
166114.0,4244
166144.0,3059
166147.0,3193
166160.0,3166
166199.0,1703
166272.0,3742
166329.0,390
166635.0,585
166657.0,4492
166742.0,2108
166868.0,3600
166879.0,1412
166928.0,4787
166949.0,2996
166958.0,1293
166988.0,4501
167052.0,2244
167055.0,3625
167124.0,1127
167099.0,1692
167208.0,934
167261.0,3370
167270.0,889
167297.0,2380
167382.0,928
167462.0,4484
167521.0,1137
167567.0,4588
167604.0,936
167658.0,4440
167744.0,1150
167751.0,2384
167784.0,173
167881.0,2804
167882.0,2688
167952.0,1019
167998.0,859
168039.0,3786
168162.0,3919
168166.0,4297
168004.0,1114
168009.0,632
168153.0,4407
168194.0,895
168282.0,3427
168296.0,4834
168315.0,4251
168390.0,4400
168402.0,3183
168480.0,2221
168517.0,403
168522.0,3910
168557.0,3950
168634.0,1695
168710.0,3071
168788.0,4062
168828.0,508
168831.0,1122
168846.0,3753
168898.0,588
169020.0,607
169033.0,761
169257.0,4094
169266.0,3474
169310.0,103
169310.0,3114
169317.0,3003
169358.0,4274
169445.0,3379
169464.0,4806
169637.0,3711
169680.0,4432
169700.0,4094
169709.0,4702
169839.0,646
169867.0,1741
170015.0,2847
170046.0,1100
170079.0,1930
170120.0,3876
170126.0,4433
170222.0,1746
170025.0,3031
170041.0,1968
170081.0,2056
170098.0,2751
170111.0,4823
170134.0,1091
170287.0,2249
170329.0,2828
170367.0,3903
170387.0,642
170427.0,767
170471.0,2832
170488.0,2473
170523.0,74
170543.0,1498
170551.0,4130
170616.0,3044
170748.0,2195
170792.0,4095
170797.0,2067
170807.0,980
171022.0,448
171170.0,1913
171249.0,4205
171281.0,3217
171305.0,444
171331.0,2964
171359.0,2381
171363.0,539
171368.0,416
171383.0,4010
171424.0,2094
171518.0,4435
171519.0,1942
171521.0,3874
171660.0,4280
171732.0,3133
171828.0,2262
171963.0,4293
171974.0,1356
172023.0,2848
172045.0,71
172071.0,734
172140.0,2566
172174.0,1817
172216.0,1572
172217.0,3829
172345.0,1167
172356.0,667
172459.0,1007
172515.0,1405
172549.0,673
172551.0,338
172573.0,3971
172665.0,2631
172672.0,782
172686.0,2554
172738.0,228
172816.0,3405
172831.0,4340
172837.0,3856
172846.0,1677
172906.0,4966
173003.0,71
173072.0,2117
173149.0,3499
173176.0,2246
173249.0,1253
173332.0,1081
173354.0,1434
173370.0,3702
173414.0,1062
173427.0,3273
173428.0,765
173545.0,4173
173570.0,2526
173666.0,732
173716.0,1893
173843.0,2519
173871.0,487
173919.0,162
173957.0,2463
173967.0,78
173982.0,26
174003.0,4605
174166.0,2608
174200.0,4374
174213.0,1405
174249.0,3565
174249.0,4567
174312.0,4792
174349.0,468
174366.0,2337
174378.0,2864
174391.0,2271
174406.0,451
174501.0,3692
174532.0,1698
174542.0,3521
174620.0,2779
174660.0,3302
174684.0,2151
174697.0,1380
174723.0,123
174758.0,1213
175037.0,3324
175039.0,2636
175170.0,538
175190.0,2870
175241.0,3943
175328.0,711
175391.0,2652
175410.0,3503
175447.0,345
175460.0,4559
175536.0,964
175649.0,905
175673.0,241
175712.0,3618
175859.0,1863
176023.0,2524
176045.0,4619
176092.0,4180
176105.0,620
176258.0,273
176289.0,3124
176017.0,986
176039.0,606
176105.0,2507
176144.0,625
176312.0,1561
176342.0,3313
176378.0,2131
176530.0,3532
176625.0,4678
176695.0,815
176792.0,884
176799.0,311
176809.0,3266
176850.0,852
176910.0,650
176982.0,2722
177093.0,3592
177253.0,4869
177334.0,93
177510.0,3701
177525.0,2246
177014.0,2629
177071.0,294
177071.0,1375
177071.0,1675
177175.0,3315
177195.0,537
177232.0,1925
177296.0,3986
177375.0,3388
177405.0,2463
177418.0,3030
177467.0,633
177547.0,4650
177566.0,1595
177703.0,2008
177774.0,3675
177775.0,4839
177818.0,1898
177860.0,3426
177867.0,226
177883.0,2885
178011.0,3097
178035.0,709
178041.0,3322
178058.0,3091
178064.0,2626
178083.0,2558
178087.0,4531
178096.0,278
178136.0,814
178173.0,2341
178200.0,2204
178249.0,2220
178268.0,298
178280.0,2840
178296.0,3206
178485.0,2751
178595.0,4206
178608.0,338
178662.0,1085
178693.0,93
178722.0,241
179052.0,4083
179054.0,4349
179076.0,3040
179076.0,3652
179191.0,2719
179233.0,3088
179233.0,355
179310.0,559
179334.0,4068
179475.0,4104
179476.0,4152
179526.0,3829
179535.0,3965
179629.0,603
179684.0,51
179705.0,1247
179711.0,407
179777.0,200
179860.0,794
179923.0,2951
179936.0,869
180001.0,1131
180005.0,4158
180025.0,1269
180073.0,341
180121.0,2911
180229.0,518
180315.0,3945
180316.0,4091
180365.0,3402
180389.0,2936
180393.0,3979
180458.0,2600
180473.0,206
180567.0,4415
180617.0,4786
180633.0,3327
180664.0,1758
180769.0,4623
180940.0,3128
180974.0,1024
180975.0,2513
181003.0,1801
181065.0,2571
181127.0,3635
181129.0,854
181168.0,1755
181183.0,2150
181217.0,8
181305.0,3977
181319.0,4398
181349.0,583
181362.0,1744
181538.0,389
181606.0,2725
181651.0,3400
181789.0,3975
181916.0,556
181948.0,4393
181963.0,2819
181968.0,4410
182017.0,2324
182033.0,4731
182006.0,1562
182063.0,453
182085.0,2460
182137.0,4047
182146.0,4401
182195.0,603
182299.0,1367
182425.0,3131
182462.0,2482
182514.0,1930
182535.0,2865
182572.0,2584
182612.0,1346
182646.0,4421
182683.0,430
182728.0,3173
182845.0,1522
182859.0,3510
182886.0,4685
182929.0,3214
182946.0,4417
183030.0,1621
183040.0,1443
183046.0,2422
183067.0,1722
183069.0,2703
183227.0,3066
183242.0,55
183272.0,4787
183336.0,1408
183345.0,4951
183358.0,4424
183449.0,2661
183571.0,4471
183600.0,2298
183689.0,496
183712.0,2602
183722.0,3125
183732.0,748
183751.0,114
183915.0,4057
183984.0,4253
184007.0,4188
184085.0,4037
184150.0,2206
184165.0,1650
184179.0,789
184196.0,3894
184244.0,4950
184274.0,3150
184305.0,1114
184359.0,1475
184406.0,811
184467.0,873
184537.0,1260
184550.0,684
184585.0,2267
184592.0,1712
184597.0,363
184672.0,2668
184694.0,340
184702.0,48
184708.0,2816
185017.0,3220
185022.0,3878
185056.0,826
185142.0,3857
185160.0,2292
185183.0,2680
185218.0,4123
185258.0,3357
185260.0,2494
185342.0,432
185445.0,2680
185476.0,1210
185495.0,3157
185505.0,696
185601.0,2856
185608.0,3438
185715.0,3333
185745.0,3892
185756.0,234
185765.0,4682
185916.0,4943
186022.0,4710
186062.0,1696
186083.0,1758
186087.0,3950
186113.0,3150
186133.0,850
186315.0,3546
186358.0,2193
186440.0,190
186461.0,3774
186498.0,277
186522.0,2177
186523.0,1720
186547.0,1578
186605.0,2854
186653.0,1088
186667.0,2351
186687.0,3486
186744.0,4186
186809.0,1513
186983.0,737
187006.0,1713
187223.0,2311
187302.0,4437
187320.0,2617
187374.0,1555
187383.0,173
187397.0,4108
187498.0,1489
187567.0,1691
187636.0,768
187660.0,4865
187722.0,3014
187773.0,4106
187778.0,558
187804.0,4969
187854.0,2144
187881.0,4975
187951.0,643
187970.0,1172
188151.0,3247
188167.0,3808
188030.0,810
188041.0,2009
188309.0,1963
188351.0,4047
188499.0,2069
188522.0,3123
188546.0,1534
188606.0,4362
188663.0,4528
188695.0,1999
188705.0,2968
188744.0,818
188809.0,4333
188832.0,3688
188896.0,667
188921.0,160
188943.0,1357
188974.0,4575
188989.0,2452
189052.0,2972
189077.0,2409
189194.0,4007
189241.0,1167
189248.0,1412
189252.0,4973
189312.0,418
189320.0,2804
189382.0,2593
189392.0,761
189414.0,4640
189457.0,4213
189487.0,1661
189495.0,3141
189579.0,1661
189637.0,490
189665.0,2527
189691.0,4253
189862.0,4514
189885.0,4705
189949.0,4699
189980.0,3733
190062.0,4442
190143.0,14
190173.0,2192
190180.0,3376
190223.0,2151
190243.0,2484
190278.0,3292
190292.0,402
190338.0,4828
190380.0,4001
190431.0,214
190433.0,2176
190500.0,4641
190500.0,2740
190538.0,4546
190566.0,1772
190664.0,4189
190690.0,3814
190722.0,905
190760.0,261
190793.0,1139
190834.0,2990
191051.0,434
191064.0,2924
191068.0,306
191090.0,4394
191102.0,1937
191161.0,1364
191187.0,3289
191204.0,2126
191237.0,2821
191256.0,3274
191278.0,2859
191312.0,3141
191321.0,2490
191369.0,4378
191397.0,2681
191421.0,1677
191444.0,614
191513.0,2203
191515.0,3535
191558.0,1481
191651.0,2332
192052.0,4837
192055.0,4560
192073.0,493
192146.0,1026
192192.0,3489
192355.0,2172
192375.0,2238
192396.0,4697
192542.0,1203
192761.0,4138
192821.0,1541
192901.0,662
192906.0,1284
192961.0,1424
192981.0,1980
193052.0,92
193067.0,3282
193118.0,1389
193175.0,1985
193194.0,1369
193203.0,1273
193071.0,3030
193294.0,3340
193348.0,1294
193465.0,2799
193487.0,1145
193498.0,2493
193512.0,2073
193549.0,4126
193571.0,2692
193644.0,3645
193669.0,462
193682.0,4010
193690.0,2033
193745.0,28
193756.0,3695
193855.0,1009
193884.0,803
193981.0,2518
193990.0,3849
194031.0,208
194118.0,2393
194061.0,1564
194093.0,4378
194093.0,1378
194161.0,3481
194235.0,984
194334.0,4868
194351.0,3212
194358.0,1256
194390.0,2614
194433.0,2949
194441.0,1921
194503.0,3361
194552.0,2385
194595.0,2060
194664.0,4400
194672.0,1268
194687.0,2467
194693.0,3489
194760.0,2394
194842.0,4438
194844.0,3131
195007.0,2019
195023.0,1890
195087.0,2783
195095.0,1381
195119.0,1004
195178.0,4478
195181.0,278
195215.0,2089
195305.0,1547
195476.0,4078
195497.0,9
195541.0,2014
195562.0,1325
195595.0,4877
195607.0,2303
195718.0,3434
195778.0,730
195804.0,3803
195852.0,810
195940.0,4720
196140.0,486
196063.0,3203
196073.0,4685
196096.0,2207
196140.0,1512
196229.0,1002
196348.0,3756
196350.0,2152
196507.0,2886
196533.0,1675
196539.0,4928
196543.0,885
196580.0,3375
196634.0,737
196723.0,1959
196737.0,1061
196738.0,1851
196808.0,2283
196914.0,2392
196958.0,2041
196986.0,2556
197016.0,2500
197052.0,4871
197079.0,3982
197109.0,966
197123.0,3595
197139.0,1135
197147.0,410
197255.0,1613
197265.0,2283
197400.0,942
197407.0,3982
197430.0,1360
197436.0,3942
197514.0,1960
197608.0,4308
197726.0,4330
197812.0,3396
197830.0,104
197869.0,3035
197901.0,407
197950.0,4426
197969.0,1480
198237.0,2082
198347.0,1694
198352.0,187
198398.0,3600
198665.0,50
198733.0,1072
198772.0,4133
198804.0,126
198810.0,1529
198813.0,3655
198835.0,4731
198942.0,16
198946.0,1686
199062.0,2876
199086.0,2519
199133.0,649
199151.0,973
199202.0,3597
199214.0,1748
199233.0,1096
199385.0,3111
199085.0,825
199165.0,1078
199271.0,4148
199486.0,426
199491.0,1644
199585.0,4416
199648.0,3848
199705.0,3842
199705.0,3922
199816.0,2932
199912.0,584
199971.0,4228
200019.0,4031
200088.0,2129
200154.0,1025
200193.0,1120
200252.0,2876
200283.0,1305
200319.0,366
200344.0,379
200344.0,1245
200050.0,3831
200069.0,858
200179.0,1575
200295.0,397
200434.0,299
200457.0,2005
200504.0,263
200507.0,236
200555.0,699
200640.0,2134
200652.0,325
200756.0,4252
200772.0,4826
200909.0,3840
200934.0,2413
200939.0,4358
200948.0,3731
200991.0,925
201037.0,4801
201114.0,3612
201131.0,4008
201015.0,4809
201052.0,400
201059.0,4096
201069.0,3053
201096.0,4830
201110.0,3635
201162.0,1566
201291.0,1417
201303.0,3101
201330.0,2149
201338.0,1904
201401.0,2459
201407.0,4037
201425.0,619
201453.0,4521
201457.0,2811
201707.0,4548
201763.0,4633
201812.0,1303
201845.0,1300
201858.0,3696
202096.0,3866
202105.0,6
202239.0,1749
202242.0,1925
202327.0,1171
202412.0,2297
202454.0,1539
202470.0,122
202490.0,3973
202505.0,2567
202525.0,2353
202623.0,4953
202627.0,3830
202635.0,4319
202690.0,2386
202695.0,2929
203007.0,1286
203080.0,4025
203104.0,707
203108.0,4466
203175.0,4983
203151.0,4855
203176.0,3529
203282.0,1741
203369.0,3834
203384.0,2958
203530.0,1226
203588.0,4599
203592.0,3938
203660.0,304
203697.0,4464
203709.0,1864
203733.0,1629
203778.0,2303
203845.0,3342
203877.0,3012
203877.0,3504
203937.0,4954
203945.0,4638
203977.0,803
204007.0,4063
204007.0,2744
204046.0,4488
204065.0,3906
204107.0,3846
204204.0,2906
204208.0,3374
204252.0,998
204294.0,4699
204315.0,1291
204327.0,1475
204386.0,4368
204436.0,4534
204510.0,878
204527.0,2871
204569.0,4494
204574.0,1640
204595.0,4816
204683.0,4105
204693.0,1917
204694.0,4964
204704.0,1119
204807.0,1705
205029.0,1350
205167.0,1078
205324.0,4218
205391.0,1331
205392.0,4497
205395.0,1719
205397.0,2726
205415.0,4013
205433.0,3260
205467.0,536
205512.0,1101
205542.0,3473
205546.0,4662
205606.0,1891
205614.0,1907
205751.0,4712
205882.0,2305
205883.0,681
205892.0,1036
206014.0,2395
206049.0,3276
206108.0,2673
206176.0,3355
206285.0,3361
206312.0,3505
206363.0,2251
206365.0,1208
206395.0,3660
206454.0,3465
206494.0,4357
206650.0,2082
206783.0,865
206801.0,3948
206822.0,3913
206952.0,4665
207005.0,2528
207087.0,2689
207136.0,115
207192.0,1398
207232.0,4325
207249.0,743
207256.0,3545
207082.0,1840
207103.0,4431
207129.0,2319
207136.0,1063
207143.0,2931
207235.0,1532
207426.0,1200
207493.0,2223
207507.0,545
207590.0,3982
207637.0,964
207658.0,2318
207659.0,3966
207663.0,228
207743.0,3311
207761.0,3982
207763.0,3991
207894.0,55
207896.0,1832
207999.0,3989
208113.0,1172
208030.0,3734
208046.0,4324
208181.0,3707
208249.0,3593
208286.0,884
208402.0,695
208414.0,4590
208475.0,3495
208503.0,1974
208507.0,340
208539.0,1866
208596.0,3516
208635.0,723
208652.0,4159
208723.0,3811
208855.0,3285
208878.0,1264
209057.0,4882
209105.0,3162
209120.0,3815
209195.0,2504
209013.0,2929
209095.0,3177
209189.0,950
209405.0,4232
209483.0,4689
209498.0,4802
209544.0,794
209571.0,448
209648.0,2213
209718.0,2014
209740.0,4372
209820.0,3725
209842.0,3292
209888.0,3511
209934.0,1698
209952.0,134
210228.0,1642
210238.0,643
210242.0,2517
210300.0,283
210329.0,363
210058.0,4184
210089.0,441
210119.0,3019
210143.0,2457
210198.0,4044
210366.0,4264
210393.0,4713
210419.0,2443
210444.0,2390
210448.0,4267
210478.0,3256
210821.0,721
210898.0,1037
210906.0,3314
210927.0,1565
210954.0,1086
210972.0,998
210992.0,1498
211001.0,3310
211148.0,2465
211205.0,2754
211056.0,2125
211094.0,3175
211135.0,4164
211143.0,3557
211202.0,3793
211229.0,4334
211230.0,807
211234.0,3503
211236.0,253
211255.0,1770
211296.0,2676
211473.0,1105
211645.0,490
211656.0,2079
211749.0,1044
211791.0,3586
211829.0,3234
211834.0,2214
211894.0,2831
211961.0,3574
211979.0,2698
212006.0,4660
212153.0,2935
212255.0,3113
212263.0,3358
212326.0,676
212389.0,4031
212409.0,2734
212475.0,2045
212489.0,3925
212498.0,903
212594.0,3905
212678.0,4733
212694.0,3575
212750.0,656
212761.0,346
212866.0,1113
212871.0,782
212887.0,1231
212889.0,3822
213017.0,1693
213032.0,3291
213067.0,503
213076.0,2800
213108.0,991
213201.0,1987
213203.0,3612
213255.0,742
213353.0,4407
213394.0,1701
213428.0,3079
213457.0,418
213468.0,2090
213538.0,2259
213592.0,269
213632.0,290
213634.0,4792
213685.0,4187
213716.0,4202
213728.0,2212
213777.0,2232
213786.0,4046
213808.0,2824
214034.0,61
214069.0,2465
214075.0,4370
214139.0,2150
214160.0,1439
214222.0,528
214441.0,3879
214559.0,3011
214586.0,1255
214588.0,2744
214608.0,1509
214688.0,4669
214752.0,4853
214754.0,4791
214827.0,839
214835.0,207
214859.0,1213
214901.0,4079
214936.0,263
214936.0,2843
215065.0,3250
215022.0,3095
215050.0,4106
215067.0,867
215083.0,4406
215112.0,3676
215116.0,2511
215140.0,4761
215169.0,2155
215192.0,885
215354.0,1145
215394.0,4660
215461.0,3352
215478.0,4758
215610.0,3831
215627.0,604
215726.0,128
215744.0,4930
215790.0,4110
215862.0,2303
215910.0,4353
215912.0,4776
216106.0,4679
216114.0,3684
216123.0,1942
216135.0,3815
216173.0,1769
216189.0,1407
216223.0,1156
216232.0,3516
216242.0,3132
216270.0,2879
216293.0,434
216317.0,2016
216364.0,3716
216388.0,1635
216393.0,3221
216407.0,141
216463.0,918
216482.0,3728
216501.0,360
216530.0,2548
216534.0,4111
217039.0,3136
217117.0,4463
217145.0,2620
217202.0,358
217222.0,4536
217506.0,2246
217559.0,3025
217574.0,3538
217591.0,3972
217604.0,4271
217644.0,1127
217696.0,3054
217724.0,1797
217826.0,4189
217903.0,4029
217922.0,4414
217929.0,2817
217962.0,592
217974.0,4152
217979.0,1068
217984.0,2534
218018.0,984
218021.0,4383
218053.0,3052
218067.0,870
218084.0,8
218114.0,231
218144.0,573
218161.0,1576
218209.0,2795
218269.0,3551
218278.0,1918
218298.0,2406
218311.0,1143
218313.0,415
218354.0,2022
218380.0,3330
218419.0,4288
218452.0,78
218514.0,2334
218570.0,4805
218669.0,769
219024.0,586
219063.0,62
219154.0,3496
219175.0,4755
219179.0,2380
219250.0,3742
219271.0,963
219302.0,3163
219349.0,3248
219366.0,647
219460.0,404
219482.0,3471
219551.0,4355
219563.0,1132
219715.0,812
219800.0,3055
219813.0,78
219853.0,2897
219857.0,316
219878.0,320
219934.0,1856
220051.0,2129
220139.0,4888
220146.0,3553
220179.0,2011
220229.0,4552
220245.0,100
220257.0,1144
220350.0,2868
220381.0,1298
220420.0,3715
220449.0,1992
220485.0,1930
220488.0,2513
220519.0,1260
220547.0,2351
220558.0,3602
220568.0,569
220682.0,4402
220737.0,851
220813.0,3622
220814.0,110
221083.0,2854
221091.0,3125
221115.0,1873
221115.0,891
221117.0,463
221193.0,412
221222.0,4787
221240.0,4878
221336.0,4079
221352.0,1205
221395.0,2830
221424.0,4970
221457.0,4156
221506.0,2380
221525.0,827
221551.0,2713
221556.0,3437
221810.0,542
221814.0,2561
221834.0,1788
221923.0,2726
222197.0,4546
222247.0,2283
222273.0,630
222277.0,740
222299.0,1804
222314.0,3543
222367.0,3264
222388.0,3305
222421.0,997
222509.0,3205
222515.0,4772
222538.0,3373
222792.0,3145
222859.0,343
222886.0,2599
222890.0,3253
222910.0,3745
222961.0,2456
223000.0,3695
223083.0,1536
223098.0,2094
223008.0,2041
223039.0,3175
223063.0,1225
223115.0,3575
223191.0,643
223210.0,3229
223247.0,2017
223257.0,1316
223345.0,3228
223352.0,3895
223400.0,110
223441.0,3480
223456.0,2494
223458.0,333
223686.0,2758
223753.0,4456
223777.0,1736
223876.0,776
223877.0,1057
223898.0,4596
223909.0,4811
224082.0,3837
224137.0,963
224188.0,1604
224265.0,2351
224270.0,3074
224276.0,4941
224334.0,3061
224377.0,1754
224392.0,4691
224508.0,1064
224520.0,2988
224544.0,177
224586.0,396
224592.0,4125
224611.0,949
224697.0,4627
224732.0,1578
224790.0,1959
224812.0,4483
224953.0,3070
224983.0,4636
225054.0,2695
225156.0,2065
225198.0,3611
225326.0,860
225435.0,4822
225459.0,3187
225478.0,171
225495.0,1891
225502.0,4261
225591.0,2824
225665.0,4465
225745.0,1387
225782.0,3278
225795.0,3763
225830.0,2044
225848.0,1125
225898.0,3434
225951.0,4874
226002.0,398
226031.0,4441
226146.0,2010
226010.0,3306
226324.0,1000
226565.0,294
226581.0,2367
226678.0,2237
226703.0,3959
226764.0,1736
226985.0,1451
227088.0,4023
227096.0,1872
227262.0,3060
227381.0,3949
227461.0,2815
227574.0,2255
227638.0,2518
227653.0,407
227670.0,1346
227747.0,3775
227989.0,3054
228000.0,1143
228004.0,715
227048.0,3203
227092.0,3118
227113.0,3367
227179.0,4555
227248.0,4095
227279.0,273
227348.0,4335
227352.0,3635
227359.0,1212
227364.0,203
227387.0,515
227418.0,1079
227448.0,640
227474.0,2428
227479.0,4150
227485.0,2964
227529.0,551
227562.0,2647
227764.0,2664
227768.0,1401
227780.0,4720
228049.0,3737
228096.0,3161
228161.0,2960
228163.0,2650
228191.0,1731
228346.0,4956
228365.0,4355
228379.0,703
228431.0,3685
228443.0,228
228453.0,4636
228524.0,1753
228689.0,1118
228731.0,422
228745.0,1827
228821.0,453
228826.0,4496
228832.0,499
228875.0,1851
228963.0,517
229021.0,4595
229001.0,448
229086.0,4232
229113.0,4099
229293.0,3254
229304.0,1984
229359.0,2984
229362.0,2987
229362.0,1497
229370.0,4770
229641.0,4186
229680.0,1848
229695.0,2517
229709.0,2017
229732.0,4608
229759.0,4605
229857.0,2881
229871.0,3050
229871.0,1864
229916.0,960
229944.0,902
229961.0,2183
230030.0,3911
230056.0,1106
230136.0,2507
230141.0,280
230150.0,4366
230460.0,1193
230688.0,1186
230715.0,3459
230747.0,4741
231018.0,1599
231051.0,3298
231123.0,3063
231145.0,1731
231154.0,3804
231236.0,2704
231239.0,4245
231316.0,2616
231428.0,306
231544.0,4589
231727.0,2205
231735.0,4776
231012.0,3995
231093.0,3716
231105.0,2281
231173.0,232
231214.0,549
231227.0,2036
231244.0,658
231340.0,3361
231370.0,1500
231429.0,3783
231457.0,654
231492.0,1841
231589.0,787
231694.0,1579
231732.0,2363
231754.0,4963
231822.0,2854
231884.0,2962
231964.0,686
231992.0,637
232000.0,514
232076.0,2652
232082.0,3653
232135.0,4506
232135.0,3669
232189.0,257
232314.0,2188
232370.0,3131
232372.0,4940
232390.0,2993
232462.0,2538
232475.0,1551
232613.0,3277
232656.0,1172
232683.0,1542
232782.0,1887
232807.0,470
232840.0,526
232859.0,3380
232905.0,4664
232946.0,865
232968.0,3476
233003.0,4591
233025.0,3323
233032.0,2250
233128.0,1293
233243.0,4368
233303.0,995
233373.0,4555
233404.0,2615
233432.0,1622
233562.0,4550
233602.0,1625
233638.0,4965
233654.0,3866
233708.0,3641
233729.0,1354
233781.0,1396
233787.0,1760
233871.0,2378
233896.0,927
233925.0,3728
233965.0,1995
234041.0,1306
234070.0,3747
234074.0,3152
234089.0,1784
234171.0,4567
234211.0,2872
234230.0,2989
234292.0,2855
234306.0,447
234321.0,3061
234380.0,4001
234383.0,3242
234397.0,4596
234554.0,1005
234648.0,1623
234706.0,4097
234742.0,1074
234772.0,1110
234778.0,2180
234848.0,91
234890.0,3517
235041.0,4617
235043.0,3425
235223.0,1707
235273.0,3807
235291.0,265
235292.0,575
235307.0,661
235387.0,2131
235444.0,3738
235476.0,4296
235485.0,3818
235537.0,2909
235634.0,2984
235654.0,3865
235824.0,4055
235877.0,3092
235898.0,3102
236023.0,3638
236105.0,1493
236121.0,4367
236184.0,2849
236046.0,2906
236057.0,3646
236284.0,3112
236327.0,3992
236342.0,1816
236396.0,3925
236414.0,3782
236443.0,4572
236561.0,4903
236687.0,2189
236730.0,4617
236761.0,235
236792.0,1532
236799.0,102
236803.0,2308
237116.0,3492
237166.0,4932
237180.0,3344
237186.0,666
237202.0,163
237288.0,4752
237011.0,219
237014.0,3257
237021.0,2779
237022.0,3184
237035.0,3182
237128.0,1028
237158.0,1088
237222.0,10
237435.0,2594
237438.0,996
237495.0,4269
237554.0,3801
237591.0,4637
237599.0,110
237659.0,4657
237707.0,2796
237742.0,1610
237767.0,1841
237801.0,1217
237878.0,981
237894.0,2039
238050.0,2872
238069.0,72
238098.0,3780
238107.0,2775
238166.0,49
238207.0,838
238288.0,4090
238349.0,3300
238419.0,3500
238427.0,4867
238552.0,2703
238555.0,3680
238565.0,938
238565.0,4473
238612.0,909
238645.0,2002
238684.0,3280
238693.0,3698
238758.0,1777
238798.0,336
238831.0,207
239084.0,4058
239095.0,847
239110.0,3883
239120.0,3377
239198.0,4887
239228.0,1585
239238.0,3285
239300.0,4172
239305.0,1666
239338.0,1849
239378.0,171
239402.0,4973
239411.0,3443
239412.0,274
239427.0,3948
239465.0,1587
239471.0,432
239493.0,2059
239524.0,3444
239547.0,4064
239635.0,3572
240012.0,520
240138.0,1602
240248.0,3506
240310.0,1538
240377.0,1205
240454.0,17
240476.0,2595
240525.0,2220
240694.0,1145
240731.0,2066
240776.0,1198
240779.0,4610
240834.0,3939
240866.0,4936
240891.0,4555
241104.0,3449
241140.0,3386
241202.0,1469
241234.0,3265
241252.0,1185
241259.0,664
241027.0,2032
241034.0,2684
241079.0,1712
241235.0,698
241276.0,730
241353.0,2465
241474.0,3980
241511.0,3005
241646.0,558
241734.0,1800
241748.0,2918
241781.0,4266
241852.0,215
241901.0,3219
241912.0,2841
242012.0,2161
242014.0,3014
242016.0,3248
242075.0,3885
242169.0,1374
242175.0,4977
242014.0,1120
242113.0,33
242132.0,275
242144.0,1268
242151.0,3650
242225.0,1496
242233.0,231
242331.0,605
242340.0,2113
242347.0,894
242466.0,1397
242499.0,4167
242559.0,4277
242599.0,1033
242654.0,3477
242732.0,578
242753.0,4198
242854.0,1459
242859.0,2221
242905.0,2802
242942.0,1424
243028.0,325
243028.0,447
243048.0,4558
243063.0,1789
243097.0,4565
243126.0,3881
243186.0,1401
243226.0,931
243281.0,3284
243314.0,1619
243340.0,2922
243340.0,3761
243348.0,1986
243356.0,3301
243606.0,4188
243704.0,2628
243710.0,1234
243842.0,908
243884.0,639
243929.0,3671
243934.0,1214
244106.0,179
244127.0,412
244143.0,1112
244160.0,658
244278.0,2608
244335.0,4602
244354.0,1752
244381.0,2082
244429.0,2468
244449.0,4284
244536.0,2286
244565.0,1433
244762.0,1198
244795.0,778
244809.0,3336
244815.0,4670
244883.0,3431
244938.0,246
244938.0,3300
244959.0,202
244977.0,796
245025.0,4963
245038.0,1029
245099.0,1078
245113.0,2656
245166.0,2369
245227.0,182
245256.0,4206
245298.0,2918
245330.0,2664
245339.0,310
245373.0,223
245387.0,804
245440.0,2077
245464.0,2049
245471.0,2506
245547.0,1723
245577.0,33
245599.0,1057
245641.0,3507
245692.0,2426
245821.0,2497
246005.0,2234
246028.0,2894
246030.0,4962
246050.0,4656
246066.0,2735
246117.0,4939
246144.0,3211
246183.0,634
246255.0,590
246282.0,126
246361.0,3361
246369.0,1085
246422.0,3943
246535.0,898
246560.0,433
246566.0,4680
246617.0,1396
246670.0,4127
246780.0,155
246791.0,3968
246877.0,3191
247009.0,273
247019.0,2558
247041.0,4121
247187.0,3528
247218.0,454
247241.0,1250
247257.0,4126
247265.0,3608
247300.0,3817
247304.0,3057
247337.0,3477
247341.0,2863
247377.0,714
247381.0,1365
247398.0,2435
247429.0,2369
247473.0,2363
247556.0,3736
247823.0,1810
247878.0,2035
247919.0,2538
248229.0,4693
248257.0,706
248386.0,878
248389.0,726
248430.0,4608
248432.0,3397
248442.0,3538
248458.0,154
248524.0,693
248561.0,3730
248580.0,4062
248590.0,3401
248683.0,1274
248721.0,4950
248882.0,206
248924.0,3922
248976.0,2851
249050.0,357
249118.0,1765
249152.0,23
249216.0,3604
249011.0,1043
249023.0,1316
249053.0,1177
249110.0,1067
249153.0,3441
249316.0,557
249406.0,792
249516.0,3459
249537.0,1363
249577.0,1086
249591.0,2977
249625.0,2102
249679.0,2380
249740.0,3252
249796.0,3175
249804.0,4621
249853.0,4395
249918.0,2391
249939.0,977
250025.0,2810
250038.0,113
250071.0,54
250106.0,2279
250221.0,2682
250276.0,968
250326.0,3737
250336.0,4974
250379.0,4106
250380.0,4408
250399.0,3691
250544.0,2695
250553.0,2615
250635.0,2820
250693.0,3506
250725.0,1001
250734.0,129
250754.0,199
250777.0,1181
250797.0,4278
250908.0,2728
250910.0,352
250959.0,4296
251002.0,4251
251247.0,4961
251491.0,4055
251503.0,4391
251525.0,954
251526.0,4463
251537.0,4074
251541.0,2097
251552.0,3167
251579.0,1728
251591.0,4750
251618.0,4016
251640.0,2601
251736.0,2717
251807.0,1215
251928.0,2524
251959.0,3710
251972.0,2580
252003.0,947
252022.0,703
252069.0,4484
252131.0,3404
252201.0,1590
252212.0,2555
252261.0,4918
252365.0,3971
252393.0,2678
252404.0,2920
252423.0,3748
252440.0,1412
252602.0,825
252652.0,2163
252698.0,649
252699.0,108
252804.0,3891
252923.0,4102
252925.0,1933
252983.0,1739
253001.0,767
253002.0,1237
253005.0,3406
253009.0,4161
253045.0,3320
253057.0,2779
253063.0,3748
253075.0,1615
253098.0,2319
253099.0,2015
253107.0,1097
253123.0,1752
253222.0,1608
253260.0,4988
253357.0,3571
253431.0,1725
253543.0,2370
253567.0,1578
253665.0,4747
253668.0,1581
253819.0,3067
253822.0,205
253827.0,4808
253861.0,2573
253920.0,4055
254019.0,267
254031.0,4713
254067.0,1445
254079.0,2318
254088.0,2047
254114.0,607
254187.0,4549
254188.0,3794
254200.0,4441
254205.0,3327
254245.0,1948
254268.0,584
254435.0,1012
254472.0,3986
254539.0,2584
254566.0,2945
254639.0,1614
254666.0,2009
254865.0,91
254893.0,2006
254946.0,4099
255026.0,302
255057.0,4754
255070.0,4138
255154.0,3973
255178.0,4828
255218.0,4195
255229.0,3621
255230.0,235
255259.0,4868
255283.0,2502
255388.0,2405
255424.0,2738
255438.0,1819
255447.0,4895
255449.0,3812
255503.0,4823
255611.0,664
255612.0,536
255757.0,3433
255787.0,3301
255840.0,4672
256029.0,2643
256089.0,687
256154.0,3843
256284.0,2918
256291.0,2068
256400.0,218
256441.0,3386
256475.0,1455
256584.0,4557
256706.0,2557
256709.0,707
256746.0,8
256778.0,728
256839.0,91
256909.0,1059
256923.0,492
256994.0,2202
257007.0,3727
257053.0,4805
257090.0,931
257176.0,195
257055.0,2452
257060.0,1243
257136.0,1102
257173.0,1924
257176.0,2004
257214.0,4202
257273.0,1365
257342.0,2297
257395.0,3181
257406.0,4683
257418.0,4739
257436.0,3926
257459.0,949
257505.0,4309
257596.0,72
257597.0,3134
257656.0,1106
257712.0,4426
257758.0,1327
257809.0,796
257848.0,558
258016.0,3788
258017.0,3201
258051.0,4707
258057.0,3712
258112.0,576
258193.0,3435
258338.0,4456
258400.0,2748
258478.0,76
258525.0,681
258597.0,3927
258619.0,1189
258725.0,1667
258780.0,821
258825.0,1957
258841.0,4819
258842.0,3191
258842.0,2179
258844.0,3753
258882.0,2085
258909.0,3248
259010.0,495
259039.0,4214
259110.0,1808
259170.0,2977
259239.0,4417
259266.0,4057
259299.0,3575
259322.0,3375
259378.0,1373
259384.0,1007
259445.0,999
259445.0,325
259461.0,2488
259489.0,736
259559.0,4880
259647.0,683
259695.0,3632
259733.0,3073
259858.0,3517
259866.0,1066
259872.0,4937
260039.0,3913
260070.0,1265
260124.0,3872
260129.0,1091
260144.0,955
260228.0,1190
260245.0,4844
260278.0,2074
260311.0,4239
260425.0,3577
260501.0,933
260617.0,659
260638.0,4431
260671.0,2461
260696.0,4322
260739.0,4286
260850.0,407
260862.0,3193
260949.0,1914
261006.0,4959
261020.0,3022
261019.0,2176
261056.0,4903
261113.0,4933
261116.0,4599
261199.0,606
261213.0,3413
261248.0,1526
261312.0,744
261411.0,2758
261426.0,2076
261477.0,3664
261515.0,4457
261525.0,1528
261526.0,4879
261551.0,4102
261593.0,1113
261600.0,1186
261614.0,962
261638.0,832
261735.0,3631
261785.0,3912
262013.0,1887
262081.0,4214
262119.0,822
262210.0,4144
262249.0,3608
262258.0,2184
262398.0,1831
262542.0,2444
262592.0,3591
262672.0,61
262762.0,3131
262816.0,2134
262853.0,2293
262886.0,4515
262906.0,4354
262914.0,1149
262943.0,4891
263005.0,142
263048.0,3601
263063.0,2685
263189.0,2491
263087.0,4403
263179.0,966
263248.0,233
263280.0,404
263464.0,263
263468.0,1302
263487.0,1147
263547.0,4985
263548.0,2582
263607.0,2050
263695.0,4554
263724.0,1821
263813.0,3221
263953.0,2991
263987.0,4404
264015.0,3941
264034.0,963
264037.0,1252
264096.0,1433
264158.0,3170
264173.0,4793
264025.0,1299
264166.0,4614
264192.0,2295
264226.0,1619
264243.0,2491
264312.0,2495
264326.0,3275
264347.0,4275
264352.0,4369
264373.0,968
264388.0,39
264430.0,3323
264437.0,3914
264549.0,1688
264602.0,286
264661.0,2857
264675.0,4736
264732.0,2895
264773.0,4407
264804.0,2478
264816.0,3346
265035.0,2883
265121.0,3748
265143.0,2482
265154.0,4994
265158.0,4459
265189.0,2120
265212.0,2056
265305.0,4721
265351.0,1122
265359.0,2954
265362.0,1647
265410.0,1219
265422.0,3643
265459.0,3868
265486.0,1103
265696.0,1032
265724.0,2462
265767.0,2079
265775.0,1488
265910.0,1422
265935.0,221
266092.0,3130
266151.0,1387
266156.0,1638
266192.0,1320
266314.0,2704
266370.0,2554
266376.0,179
266398.0,3574
266486.0,2313
266547.0,485
266613.0,3738
266651.0,1579
266668.0,318
266709.0,3875
266720.0,3226
266722.0,1378
266751.0,1052
266820.0,4985
266894.0,1621
266979.0,3245
267116.0,565
267043.0,3704
267046.0,1819
267083.0,2215
267103.0,3742
267177.0,2764
267181.0,4934
267183.0,4697
267185.0,2595
267227.0,1017
267255.0,1416
267299.0,2940
267355.0,328
267370.0,2757
267432.0,1679
267451.0,3739
267539.0,3587
267549.0,4162
267550.0,963
267616.0,631
267658.0,87
267689.0,1973
268031.0,1768
268046.0,3021
268082.0,3712
268083.0,4543
268093.0,4017
268103.0,2995
268113.0,472
268115.0,4058
268206.0,112
268214.0,2562
268225.0,49
268275.0,1217
268456.0,17
268467.0,2325
268532.0,4174
268616.0,1130
268643.0,3726
268649.0,1181
268682.0,907
268736.0,415
268825.0,2017
269105.0,3375
269128.0,3244
269237.0,254
269251.0,4682
269267.0,3103
269390.0,4243
269406.0,2369
269466.0,1939
269512.0,4153
269569.0,2584
269601.0,2345
269602.0,1027
269653.0,3304
269667.0,858
269770.0,2393
269781.0,852
269788.0,4649
269817.0,3612
269908.0,687
269908.0,4705
269924.0,4709
270048.0,3696
270068.0,232
270162.0,3235
270268.0,2268
270293.0,4655
270424.0,697
270425.0,1008
270468.0,2611
270487.0,3942
270546.0,4391
270689.0,2445
270712.0,2680
270755.0,3322
270802.0,4313
270885.0,2503
270927.0,682
270941.0,2510
270973.0,2238
271047.0,1960
271103.0,3965
271122.0,4903
271098.0,3646
271102.0,744
271154.0,4277
271179.0,1907
271201.0,4146
271224.0,1091
271233.0,3389
271292.0,3556
271327.0,1808
271328.0,3505
271344.0,4509
271409.0,3205
271550.0,2271
271570.0,4568
271581.0,2562
271686.0,2761
271695.0,4728
271717.0,1415
271808.0,2589
271816.0,627
271818.0,3981
272002.0,4792
272009.0,3110
272066.0,3524
272150.0,1359
272156.0,4467
272232.0,1814
272273.0,1987
272274.0,948
272344.0,701
272361.0,3005
272371.0,2716
272378.0,3181
272434.0,4812
272435.0,1545
272443.0,1705
272453.0,1712
272458.0,581
272488.0,1547
272513.0,3443
272526.0,464
272602.0,3569
273011.0,1344
273094.0,4579
273161.0,3397
273316.0,4602
273330.0,4920
273340.0,2474
273521.0,1397
273709.0,2752
273718.0,2111
273800.0,3032
273826.0,953
273835.0,4518
273843.0,2778
273904.0,2430
274037.0,2234
274044.0,1664
274077.0,3898
274229.0,4225
274245.0,3804
274256.0,2656
274273.0,3161
274014.0,3693
274093.0,1651
274164.0,4810
274183.0,900
274223.0,3016
274242.0,3025
274262.0,1291
274274.0,1158
274292.0,1858
274334.0,225
274431.0,1717
274438.0,3977
274470.0,3153
274524.0,3021
274599.0,4444
274618.0,3281
274700.0,1359
274716.0,1473
274722.0,774
274786.0,1385
274930.0,2325
275011.0,779
275014.0,2069
275041.0,1602
275109.0,635
275136.0,1172
275202.0,2189
275232.0,3567
275243.0,1813
275282.0,1673
275336.0,3142
275342.0,1372
275371.0,2388
275418.0,4007
275423.0,4760
275447.0,1282
275475.0,1464
275535.0,1001
275546.0,4043
275580.0,205
275631.0,4574
275716.0,2897
276008.0,2015
276011.0,2586
276062.0,3261
276086.0,536
276113.0,2830
276125.0,4867
276387.0,4449
276422.0,2602
276466.0,2858
276497.0,3186
276516.0,3317
276552.0,577
276675.0,3717
276700.0,2988
276723.0,1975
276824.0,1756
276831.0,4039
276925.0,1757
277000.0,3513
277065.0,3895
277142.0,728
277030.0,4084
277070.0,13
277228.0,3951
277287.0,4910
277323.0,896
277350.0,4748
277372.0,297
277401.0,389
277541.0,3302
277547.0,495
277709.0,828
277710.0,1098
277719.0,2654
277737.0,3069
277852.0,2914
277860.0,3804
277885.0,4473
277893.0,156
277941.0,3424
277942.0,4895
277944.0,2887
278008.0,3564
278049.0,3960
278078.0,4279
278158.0,2853
278247.0,3969
278251.0,4772
278284.0,3770
278298.0,774
278301.0,3976
278681.0,1295
278684.0,3562
278732.0,1216
278769.0,4172
278774.0,4880
278815.0,492
278824.0,3782
278871.0,1256
278937.0,3064
279154.0,4780
279233.0,1197
279302.0,4175
279048.0,3543
279073.0,4990
279106.0,3732
279144.0,1428
279185.0,3119
279198.0,2518
279202.0,933
279218.0,3939
279347.0,4466
279444.0,3533
279462.0,3643
279530.0,838
279602.0,2897
279609.0,3222
279868.0,4718
279878.0,4805
279944.0,4692
279948.0,2911
280066.0,9
280155.0,4976
280166.0,207
280209.0,720
280228.0,1325
280247.0,1338
280259.0,2485
280260.0,1962
280297.0,90
280313.0,1828
280514.0,2657
280582.0,3707
280610.0,1326
280620.0,1132
280635.0,165
280667.0,3117
280724.0,539
280782.0,1188
280797.0,903
280822.0,1137
280833.0,1454
280858.0,2601
280886.0,1114
280908.0,1034
281015.0,964
281068.0,3914
281075.0,480
281080.0,4645
281211.0,3186
281221.0,4116
281245.0,2818
281256.0,1612
281279.0,258
281464.0,2485
281555.0,1761
281619.0,294
281650.0,4917
281653.0,3957
281719.0,1023
281749.0,1751
281931.0,809
281958.0,687
281963.0,547
281993.0,1225
282120.0,2663
282033.0,2698
282035.0,1809
282038.0,2620
282085.0,4553
282143.0,3881
282230.0,4400
282265.0,594
282359.0,1895
282362.0,867
282375.0,4830
282383.0,437
282447.0,3885
282463.0,4158
282475.0,2534
282487.0,788
282493.0,707
282590.0,1695
282677.0,2959
282720.0,3337
282730.0,1781
282785.0,4395
283029.0,1024
283123.0,4729
283197.0,243
283329.0,2830
283338.0,4532
283410.0,2833
283442.0,4956
283562.0,4820
283564.0,897
283632.0,1968
283640.0,424
283656.0,471
283666.0,3138
283689.0,3309
283736.0,1598
283758.0,984
283863.0,2294
283864.0,2671
283918.0,2260
283947.0,3435
283981.0,2039
284050.0,577
284072.0,163
284095.0,3568
284112.0,303
284227.0,4110
284272.0,3303
284300.0,3477
284312.0,3405
284393.0,1132
284436.0,209
284463.0,1170
284470.0,2928
284703.0,207
284854.0,4586
284875.0,1244
284903.0,2302
284906.0,4612
284940.0,1041
284964.0,586
284969.0,2781
284990.0,658
285096.0,3748
285108.0,249
285260.0,1198
285265.0,4800
285384.0,4297
285472.0,2099
285487.0,873
285638.0,1224
285651.0,4511
285686.0,2066
285703.0,4216
285712.0,3468
285712.0,3582
285829.0,4940
285862.0,1518
285866.0,4811
285958.0,4473
286046.0,2320
286047.0,4559
286050.0,4129
286073.0,2755
286013.0,1713
286055.0,2319
286077.0,1392
286292.0,404
286333.0,1852
286342.0,4003
286363.0,2018
286389.0,3445
286410.0,1049
286426.0,4861
286429.0,3540
286526.0,4895
286573.0,3189
286585.0,3146
286761.0,3746
286773.0,3093
286775.0,1871
286775.0,4056
286788.0,1254
286911.0,2033
286914.0,40
287011.0,121
287048.0,4316
287156.0,3246
287179.0,1465
287215.0,1801
287361.0,4667
287482.0,4806
287508.0,3122
287516.0,171
287520.0,173
287564.0,1292
287567.0,456
287600.0,1663
287633.0,1609
287648.0,2886
287671.0,4473
287675.0,2028
287694.0,2642
287899.0,543
287915.0,4739
288018.0,4178
288000.0,3897
288020.0,992
288027.0,705
288036.0,4152
288094.0,4947
288113.0,97
288160.0,2993
288260.0,1199
288350.0,3025
288408.0,4268
288463.0,4368
288494.0,4789
288506.0,1185
288585.0,1774
288603.0,3863
288605.0,3425
288691.0,3576
288727.0,1849
288734.0,576
288779.0,4541
288826.0,574
289017.0,1959
289044.0,2912
289069.0,1200
289080.0,2962
289112.0,2665
289139.0,760
289208.0,2207
289226.0,1103
289253.0,1772
289264.0,3750
289312.0,482
289332.0,2482
289337.0,4691
289427.0,2409
289617.0,2073
289643.0,4980
289715.0,2335
289841.0,1059
289886.0,761
289888.0,3816
289925.0,1439
290068.0,2313
290183.0,418
290227.0,2489
290228.0,16
290236.0,3438
290319.0,2333
290334.0,961
290384.0,3456
290438.0,383
290463.0,674
290510.0,499
290536.0,135
290550.0,3813
290624.0,4794
290667.0,417
290714.0,3338
290742.0,1926
290746.0,1055
290755.0,1276
290805.0,3477
290826.0,2812
291005.0,3982
291015.0,4171
291143.0,2365
291255.0,1079
291267.0,3137
291278.0,367
291302.0,3338
291333.0,554
291345.0,1572
291420.0,1
291552.0,2452
291557.0,4816
291675.0,4690
291774.0,2683
291847.0,1729
291852.0,207
291858.0,3013
291982.0,814
291999.0,1786
292182.0,4260
292217.0,3175
292016.0,3258
292022.0,2755
292039.0,432
292124.0,1448
292153.0,2092
292166.0,3395
292170.0,1221
292179.0,1766
292202.0,3068
292316.0,874
292317.0,4735
292328.0,4681
292334.0,863
292334.0,4480
292337.0,2186
292354.0,586
292357.0,4861
292494.0,1676
292591.0,1200
292608.0,593
292699.0,700
293049.0,2139
293140.0,1336
293142.0,1710
293183.0,1494
293269.0,1328
293275.0,1556
293317.0,4642
293333.0,2374
293484.0,4231
293495.0,2965
293521.0,4308
293566.0,360
293592.0,2081
293649.0,1435
293664.0,2500
293685.0,1561
293713.0,460
293748.0,1243
293776.0,971
293815.0,1305
293841.0,689
294000.0,2755
294041.0,2441
294169.0,4982
294213.0,927
294257.0,2221
294286.0,982
294328.0,876
294391.0,23
294449.0,2112
294607.0,2623
294663.0,3400
294669.0,2289
294687.0,395
294739.0,2525
294744.0,3535
294830.0,245
295238.0,1653
295326.0,3828
295438.0,533
295525.0,2690
295579.0,728
295120.0,1269
295240.0,4787
295360.0,1478
295371.0,4722
295475.0,1118
295500.0,3733
295572.0,4349
295604.0,1798
295650.0,3917
295709.0,3165
295719.0,4763
295729.0,4542
295861.0,2697
296009.0,3842
296042.0,4299
296053.0,1642
296083.0,1462
296140.0,2732
296260.0,764
296267.0,4434
296328.0,3052
296013.0,2925
296016.0,341
296039.0,2957
296066.0,4162
296111.0,896
296142.0,2734
296199.0,4468
296277.0,1241
296357.0,1475
296360.0,268
296390.0,2348
296424.0,2824
296537.0,2481
296635.0,4012
296638.0,2965
296639.0,2921
296643.0,3647
296704.0,3752
296726.0,3572
296751.0,660
296823.0,4609
297106.0,2356
297112.0,2355
297177.0,2446
297197.0,4820
297210.0,1339
297266.0,2678
297279.0,731
297295.0,2072
297349.0,3874
297361.0,1915
297365.0,4233
297382.0,4599
297419.0,4466
297434.0,647
297466.0,4188
297495.0,1203
297503.0,631
297553.0,4976
297612.0,267
297624.0,3657
297686.0,1755
298000.0,1432
298102.0,2495
298108.0,804
298305.0,4409
298354.0,544
298414.0,4294
298419.0,1859
298488.0,2762
298598.0,1155
298605.0,3440
298652.0,3832
298684.0,2161
298791.0,1092
298796.0,4343
298856.0,3948
298915.0,744
298970.0,884
298983.0,4837
298985.0,1344
299000.0,29
299007.0,2750
299100.0,2077
299125.0,1538
299173.0,3325
299235.0,1408
299276.0,2412
299285.0,2279
299394.0,911
299399.0,3954
299498.0,4058
299582.0,1164
299590.0,2203
299594.0,1584
299680.0,51
299681.0,48
299721.0,4143
299725.0,1704
299744.0,1843
299778.0,3737
299831.0,3095
299865.0,181
299958.0,2075
300066.0,2454
300112.0,2796
300203.0,3749
300374.0,2200
300472.0,860
300551.0,2385
300598.0,2969
300698.0,4736
300715.0,1407
300825.0,2870
300862.0,3663
300898.0,3780
300902.0,3385
300923.0,4710
300968.0,4316
301035.0,3469
301089.0,3578
301128.0,309
301161.0,3756
301176.0,1521
301179.0,3172
301147.0,2844
301169.0,4828
301210.0,4534
301255.0,1370
301276.0,478
301310.0,4045
301311.0,2666
301362.0,4231
301416.0,2944
301441.0,3042
301496.0,2119
301519.0,2245
301541.0,4254
301573.0,3688
301592.0,585
301593.0,533
301597.0,4282
301616.0,2774
301629.0,3917
301634.0,698
301745.0,4462
302028.0,1550
302088.0,3174
302089.0,2941
302097.0,2026
302219.0,1507
302264.0,4642
302272.0,369
302286.0,3257
302312.0,1092
302335.0,4301
302351.0,2342
302378.0,2327
302428.0,436
302490.0,841
302576.0,2331
302697.0,717
302741.0,1456
302752.0,4194
302783.0,653
302793.0,491
302849.0,4529
303056.0,1545
303269.0,1575
303290.0,3785
303325.0,4612
303362.0,455
303396.0,1913
303420.0,1083
303542.0,1393
303549.0,647
303615.0,3088
303632.0,1970
303785.0,1157
303929.0,1597
303951.0,3227
303961.0,1086
303990.0,2431
304074.0,3892
304098.0,2596
304115.0,4150
304116.0,4724
304155.0,1734
304006.0,4206
304029.0,4711
304155.0,540
304227.0,2113
304235.0,3365
304255.0,362
304260.0,3333
304271.0,2225
304331.0,745
304543.0,3527
304543.0,1978
304571.0,1196
304575.0,3783
304596.0,2251
304809.0,4436
304809.0,2326
304845.0,440
304866.0,3212
304869.0,4087
304893.0,4491
304895.0,3768
305073.0,595
305077.0,2972
305082.0,3011
305177.0,4261
305362.0,2171
305507.0,106
305556.0,4384
305663.0,3111
305698.0,1811
305701.0,2832
305707.0,2756
305757.0,2205
305757.0,3625
305885.0,652
306039.0,4771
306055.0,1063
306104.0,3508
306127.0,1800
306130.0,14
306191.0,4751
306208.0,3128
306034.0,1472
306067.0,4953
306106.0,3902
306295.0,4812
306334.0,4652
306479.0,3595
306592.0,2314
306982.0,2086
307053.0,2466
307057.0,3799
307088.0,714
307096.0,2670
307096.0,4985
307112.0,2898
307152.0,485
307190.0,1307
307319.0,4866
307326.0,2916
307379.0,128
307414.0,945
307492.0,2008
307012.0,3198
307052.0,1510
307103.0,1781
307160.0,923
307232.0,920
307255.0,325
307347.0,4857
307438.0,298
307448.0,4883
307548.0,427
307645.0,644
307670.0,1789
307670.0,3898
307685.0,2843
307775.0,3410
307873.0,1390
307891.0,3988
308005.0,2305
308014.0,2628
308073.0,2089
308092.0,1799
308006.0,2077
308123.0,3589
308242.0,4906
308242.0,416
308307.0,4891
308333.0,2548
308363.0,1827
308539.0,193
308559.0,851
308650.0,4689
308655.0,4693
308685.0,1695
308707.0,1363
308734.0,1583
308745.0,3035
308822.0,2317
308867.0,423
308931.0,2976
308983.0,1113
309011.0,2501
309023.0,4886
309089.0,3797
309128.0,2196
309134.0,1661
309181.0,2222
309214.0,1093
309317.0,4708
309350.0,2105
309352.0,253
309427.0,2104
309461.0,4423
309482.0,152
309496.0,704
309557.0,196
309616.0,1919
309636.0,2091
309655.0,4383
309673.0,3340
309680.0,1080
309681.0,2028
309694.0,2331
309756.0,799
310060.0,4161
310077.0,2034
310126.0,1290
310170.0,3935
310170.0,4561
310175.0,4061
310177.0,1353
310260.0,1247
310302.0,1336
310361.0,1015
310373.0,328
310382.0,2739
310393.0,2813
310430.0,364
310433.0,4444
310454.0,364
310543.0,812
310569.0,2927
310616.0,1662
310646.0,423
310709.0,2262
311101.0,529
311124.0,333
311280.0,1417
311349.0,160
311374.0,1011
311375.0,1439
311433.0,4476
311446.0,3247
311486.0,3316
311486.0,1735
311511.0,3661
311520.0,861
311532.0,242
311565.0,1778
311592.0,3736
311620.0,3963
311627.0,745
311658.0,2928
311677.0,4347
311714.0,3261
312033.0,3865
312023.0,929
312063.0,1696
312107.0,2711
312198.0,4509
312234.0,1667
312241.0,3043
312306.0,762
312370.0,3000
312383.0,2328
312410.0,2796
312432.0,2370
312433.0,2667
312436.0,1784
312449.0,1456
312483.0,488
312570.0,3096
312635.0,4837
312683.0,4926
312746.0,4312
312784.0,2115
312847.0,1244
313083.0,343
313307.0,3546
313336.0,728
313344.0,3249
313492.0,1854
313570.0,86
313570.0,788
313637.0,3266
313645.0,2605
313664.0,668
313754.0,1779
313768.0,163
313802.0,3549
313813.0,2552
313839.0,4044
313893.0,1407
313896.0,2336
313903.0,1652
313959.0,1129
313975.0,3233
313992.0,4364
314121.0,845
314122.0,298
314148.0,3588
314179.0,3047
314366.0,3777
314384.0,2348
314404.0,4800
314419.0,1219
314439.0,3334
314499.0,3197
314500.0,196
314675.0,4365
314698.0,456
314756.0,3191
314776.0,2592
314797.0,1702
314845.0,3207
314848.0,3384
314949.0,817
314973.0,1714
315087.0,1726
315130.0,398
315208.0,2763
315213.0,4433
315369.0,905
315389.0,1187
315421.0,3362
315532.0,1241
315548.0,4497
315563.0,3145
315631.0,257
315779.0,4620
315821.0,1476
315918.0,3489
315926.0,4006
316126.0,4011
316204.0,2998
316377.0,1928
316427.0,429
316524.0,2505
316014.0,81
316051.0,4641
316134.0,2166
316440.0,1374
316443.0,1542
316619.0,4702
316645.0,3397
316666.0,2091
316842.0,3744
316888.0,222
316986.0,1287
317004.0,3602
317069.0,1084
317103.0,3766
317134.0,489
317139.0,809
317187.0,2288
317257.0,586
317261.0,1045
317274.0,4062
317023.0,65
317101.0,3254
317134.0,2570
317229.0,4314
317243.0,4318
317455.0,2487
317574.0,1173
317690.0,195
317706.0,4816
317716.0,2291
317754.0,4748
317755.0,4799
317789.0,4149
317825.0,1591
317900.0,1147
317982.0,1432
317986.0,816
318063.0,2406
318118.0,3775
318177.0,3448
318032.0,865
318071.0,4345
318133.0,3973
318305.0,3437
318333.0,1877
318363.0,4779
318366.0,3185
318409.0,3098
318414.0,4483
318446.0,2022
318456.0,3944
318532.0,1360
318580.0,2756
318588.0,1329
318674.0,1723
318677.0,936
318833.0,2709
318867.0,624
318893.0,1876
318958.0,2668
319044.0,370
319093.0,2030
319107.0,4578
319285.0,1341
319417.0,4867
319474.0,2105
319602.0,4167
319823.0,2684
319842.0,2487
319892.0,1942
320080.0,2643
320089.0,3922
320103.0,3521
320150.0,330
320172.0,13
320258.0,579
320394.0,2270
320431.0,4590
320699.0,2189
320901.0,1275
320025.0,4662
320031.0,3866
320113.0,1366
320211.0,2085
320238.0,3481
320253.0,2521
320293.0,3385
320335.0,830
320568.0,366
320577.0,2204
320605.0,3176
320646.0,4700
320658.0,3263
320700.0,1820
320713.0,1704
320870.0,2162
320920.0,3959
320998.0,381
321016.0,3994
321038.0,4289
321033.0,3964
321049.0,1916
321138.0,1554
321224.0,496
321312.0,4359
321378.0,3876
321387.0,180
321476.0,653
321512.0,3604
321653.0,571
321709.0,551
321716.0,1775
321732.0,3482
321749.0,2759
321754.0,2254
321779.0,1939
321827.0,1504
321849.0,3298
321897.0,2846
321947.0,3051
322002.0,3737
322129.0,16
322167.0,4140
322295.0,1446
322396.0,1380
322508.0,4035
322516.0,162
322576.0,3915
322634.0,947
322707.0,2259
322735.0,2291
322770.0,245
322799.0,2273
322952.0,4144
323017.0,4394
323104.0,4740
323169.0,1500
323233.0,280
323248.0,3546
323283.0,3169
323030.0,1972
323073.0,1135
323281.0,4383
323295.0,3096
323426.0,4038
323446.0,2353
323466.0,3770
323563.0,310
323567.0,918
323677.0,4106
323712.0,3803
323724.0,3596
323737.0,4706
323859.0,2412
323880.0,4772
323937.0,3819
323954.0,541
323962.0,1346
323988.0,4918
324096.0,4362
324024.0,4436
324054.0,3720
324056.0,135
324149.0,1089
324185.0,2498
324271.0,2887
324281.0,1261
324475.0,1731
324489.0,2720
324746.0,3839
324819.0,474
324829.0,2504
324871.0,4659
324877.0,1381
324879.0,1884
324916.0,1348
324932.0,2357
324964.0,2821
325004.0,3500
325049.0,2359
325060.0,3789
325113.0,2185
325211.0,692
325280.0,176
325303.0,1020
325316.0,423
325321.0,1595
325333.0,4589
325373.0,4855
325451.0,742
325497.0,1096
325598.0,390
325637.0,2046
325733.0,3160
325757.0,2437
325797.0,1773
325803.0,4739
325897.0,4936
325908.0,3246
326001.0,880
326130.0,2566
326214.0,694
326269.0,1125
326337.0,3131
326345.0,2996
326381.0,1042
326435.0,2365
326441.0,1922
326488.0,2284
326490.0,2302
326526.0,2235
326550.0,1382
326588.0,2653
326633.0,3330
326833.0,53
326844.0,1688
326871.0,4482
326897.0,2697
326904.0,1672
326906.0,1936
327003.0,4832
327056.0,30
327214.0,3196
327244.0,1745
327293.0,4374
327320.0,1009
327440.0,1242
327486.0,458
327541.0,2985
327551.0,2568
327644.0,465
327685.0,1288
327710.0,163
327716.0,3375
327801.0,1908
327825.0,2505
327845.0,4735
327866.0,1608
327982.0,3082
328025.0,4068
328059.0,3809
328103.0,2766
328230.0,1254
328240.0,4833
328296.0,3972
328343.0,46
328362.0,4464
328368.0,1679
328468.0,3921
328520.0,2289
328542.0,4821
328588.0,232
328628.0,2085
328652.0,2223
328698.0,2169
328766.0,769
328778.0,4195
328816.0,2517
328865.0,1712
328887.0,3532
329025.0,2590
329123.0,477
329158.0,3015
329184.0,2289
329248.0,2258
329289.0,167
329383.0,117
329409.0,668
329555.0,718
329585.0,612
329634.0,946
329638.0,4056
329700.0,3660
329858.0,2847
329872.0,4243
329940.0,559
330152.0,230
330233.0,4513
330287.0,2913
330353.0,682
330021.0,4083
330060.0,1431
330112.0,4981
330113.0,4114
330136.0,4566
330150.0,653
330238.0,1494
330266.0,2120
330318.0,1242
330451.0,3484
330467.0,4653
330474.0,4942
330538.0,1424
330580.0,586
330616.0,2057
330696.0,477
330742.0,2217
330880.0,4245
330895.0,4205
331129.0,1914
331090.0,611
331130.0,2763
331162.0,2104
331176.0,4102
331182.0,945
331184.0,3839
331211.0,3994
331219.0,1949
331221.0,3227
331232.0,3045
331258.0,3708
331359.0,101
331448.0,4916
331462.0,2404
331568.0,3899
331738.0,3779
331753.0,902
331788.0,3158
331802.0,814
331849.0,3104
332084.0,3250
332124.0,3191
332204.0,1922
332205.0,3887
332215.0,3780
332278.0,3853
332342.0,3515
332343.0,24
332358.0,3330
332411.0,4782
332428.0,2090
332458.0,125
332462.0,481
332482.0,711
332623.0,2602
332669.0,4037
332751.0,4669
332795.0,415
332799.0,3439
332800.0,300
333068.0,2873
333085.0,211
333102.0,3328
333111.0,1554
333195.0,1323
333204.0,648
333375.0,893
333553.0,2898
333636.0,4939
333688.0,2754
333700.0,2733
333788.0,1423
333798.0,4906
333869.0,3745
333908.0,4866
333936.0,2914
334115.0,1213
334125.0,4047
334126.0,4676
334160.0,3926
334001.0,3780
334018.0,1254
334069.0,2950
334071.0,2512
334074.0,920
334098.0,972
334163.0,3637
334207.0,1162
334362.0,2730
334404.0,2635
334440.0,3477
334470.0,4938
334479.0,3016
334483.0,1474
334502.0,711
334517.0,2884
334527.0,1023
334589.0,283
334593.0,702
334615.0,415
335164.0,2769
335196.0,3952
335266.0,4320
335289.0,4204
335439.0,4053
335521.0,4490
335553.0,3238
335640.0,119
335689.0,1937
335711.0,597
335747.0,4935
335840.0,1781
335884.0,3310
335888.0,4721
335915.0,911
335952.0,811
336034.0,1857
336059.0,4322
336208.0,2806
336249.0,19
336116.0,3102
336120.0,4318
336125.0,2903
336131.0,2344
336154.0,1652
336224.0,1219
336383.0,2809
336394.0,3157
336400.0,90
336448.0,1566
336453.0,4412
336574.0,3551
336626.0,2637
336643.0,4135
336743.0,3927
336785.0,4970
336892.0,2019
336981.0,2764
337014.0,123
337070.0,4535
337067.0,2074
337080.0,1614
337168.0,2035
337235.0,2825
337256.0,1152
337307.0,721
337347.0,1423
337398.0,1798
337414.0,4728
337441.0,3173
337452.0,2189
337477.0,1114
337515.0,1432
337569.0,4520
337753.0,3301
337828.0,2218
337831.0,2680
337846.0,3652
337868.0,4142
337917.0,1045
338015.0,1660
338050.0,733
338068.0,2747
338148.0,4382
338237.0,1195
338290.0,3302
338319.0,1472
338354.0,1198
338429.0,3323
338529.0,2374
338627.0,2864
338633.0,175
338668.0,3959
338695.0,1298
338727.0,3707
338795.0,3265
338814.0,3431
338858.0,2769
338944.0,3305
338975.0,677
339206.0,4227
339232.0,155
339295.0,2203
339471.0,51
339597.0,1504
339635.0,3382
339701.0,4158
339743.0,2504
339762.0,1330
339814.0,1280
339870.0,1557
339888.0,4903
339913.0,59
339913.0,283
339921.0,3131
339956.0,1089
339998.0,4770
340029.0,4607
340031.0,4537
340081.0,4298
340029.0,1716
340100.0,1280
340128.0,4812
340165.0,4050
340190.0,750
340281.0,3857
340330.0,1762
340339.0,4744
340389.0,4307
340391.0,3610
340399.0,1014
340480.0,4387
340518.0,4747
340534.0,3534
340537.0,998
340641.0,1634
340654.0,3475
340665.0,626
340678.0,1348
340717.0,1265
341062.0,2769
341081.0,4506
341209.0,872
341340.0,4168
341343.0,3412
341347.0,879
341368.0,3736
341455.0,1112
341472.0,439
341536.0,41
341556.0,1136
341563.0,1971
341624.0,3490
341661.0,43
341773.0,2023
341785.0,4028
341862.0,466
341880.0,3751
341998.0,3807
342015.0,3453
342116.0,3787
342135.0,331
342148.0,734
342185.0,362
342189.0,1463
342281.0,4126
342295.0,3174
342425.0,2694
342434.0,4225
342461.0,4671
342488.0,3307
342694.0,2695
342704.0,3250
342715.0,4763
342782.0,4344
342811.0,2522
342895.0,1980
342901.0,2624
342992.0,3607
343061.0,2062
343010.0,1343
343024.0,3826
343074.0,4946
343081.0,2122
343102.0,1276
343292.0,2254
343305.0,2833
343335.0,3904
343420.0,1831
343507.0,4618
343514.0,1025
343518.0,4855
343539.0,4746
343551.0,3861
343553.0,365
343575.0,1519
343602.0,2988
343607.0,2607
343622.0,2233
343684.0,2343
344088.0,2800
344129.0,1612
344149.0,3277
344170.0,4622
344338.0,2969
344415.0,2169
344436.0,2983
344511.0,637
344526.0,4450
344560.0,2579
344597.0,2702
344727.0,1324
344788.0,1262
344895.0,846
344915.0,3129
344995.0,2733
345074.0,2500
345161.0,3564
345173.0,1479
345176.0,2274
345072.0,3037
345084.0,1126
345091.0,3033
345097.0,2924
345108.0,1406
345115.0,2474
345217.0,1373
345276.0,1297
345284.0,3711
345363.0,417
345457.0,4133
345473.0,1333
345486.0,3680
345536.0,4602
345575.0,4741
345598.0,4992
345642.0,2071
345664.0,2120
345705.0,2642
345723.0,4569
346103.0,1139
346128.0,3482
346136.0,398
346158.0,1476
346430.0,2908
346712.0,932
346850.0,557
346913.0,3490
346921.0,3035
346932.0,1037
347017.0,3306
347024.0,431
347025.0,2676
347099.0,45
347115.0,4237
347164.0,941
347267.0,2580
347267.0,3120
347377.0,4040
347379.0,3825
